Average sojourn time of customer:
AVG: 13.013567692501969
VAR: 7.794751763720194
CI: [12.936162624307038, 13.0909727606969]

Percentage of customers spending more than 15 minutes in the system:
AVG: 0.31039932294272243
VAR: 0.03177304135661566
CI: [0.30545738090801494, 0.3153412649774299]

Percentage of time the initial queue is longer than 4:
AVG: 0.19192535005862682
VAR: 0.009812653437210255
CI: [0.18917896464721354, 0.1946717354700401]

Percentage of time the initial queue is longer than 8:
AVG: 0.08000453846172843
VAR: 0.006162358415967531
CI: [0.07782812336251435, 0.08218095356094252]