    Time	  Event	 Count	  SERVICE[ID[7]]	   SYSTEM[ID[7]]	        RATIO[0]	          RATIO[3] 
    0.000	   INIT	     1 	   2.41 	   5.63 	      0 	      0 
    0.099	    ARR	     1 	   2.41 	 0.0987 	      0 	      0 
    0.099	 TOPPING	     1 	 0.0987 	 0.0987 	      0 	      0 
    1.085	   COOK	     1 	  0.987 	 0.0987 	      0 	      0 
    1.273	    ARR	     2 	  0.987 	 0.0987 	      0 	      0 
    1.273	 TOPPING	     2 	  0.987 	 0.0987 	      0 	      0 
    2.113	    ARR	     3 	  0.987 	 0.0987 	      0 	      0 
    2.113	 TOPPING	     3 	  0.987 	 0.0987 	      0 	      0 
    2.749	   COOK	     2 	  0.987 	 0.0987 	      0 	      0 
    3.583	   COOK	     3 	  0.987 	 0.0987 	      0 	      0 
    4.809	  READY	     1 	  0.987 	 0.0987 	      0 	      0 
    4.809	 FINISH	     1 	  0.987 	 0.0987 	      0 	      0 
    5.022	 DELIVER	     1 	  0.987 	   4.92 	      0 	      0 
    6.132	  READY	     2 	  0.987 	   4.92 	      0 	      0 
    6.132	 FINISH	     2 	  0.987 	   4.92 	      0 	      0 
    7.321	    ARR	     4 	  0.987 	   4.92 	      0 	      0 
    7.321	 TOPPING	     4 	  0.987 	   4.92 	      0 	      0 
    7.418	 DELIVER	     2 	  0.636 	   5.31 	      0 	      0 
    7.516	    ARR	     5 	  0.636 	   5.31 	      0 	      0 
    7.516	 TOPPING	     5 	  0.636 	   5.31 	      0 	      0 
    8.007	   COOK	     4 	  0.636 	   5.31 	      0 	      0 
    8.912	   COOK	     5 	  0.636 	   5.31 	      0 	      0 
    9.337	  READY	     3 	  0.636 	   5.31 	      0 	      0 
    9.337	 FINISH	     3 	  0.636 	   5.31 	      0 	      0 
   10.037	 DELIVER	     3 	   2.31 	   8.76 	      0 	      0 
   10.317	    ARR	     6 	   2.31 	   8.76 	      0 	      0 
   10.317	 TOPPING	     6 	   2.31 	   8.76 	      0 	      0 
   10.932	    ARR	     7 	   2.31 	   8.76 	      0 	      0 
   10.932	 TOPPING	     7 	   2.31 	   8.76 	      0 	      0 
   11.511	    ARR	     8 	   2.31 	   8.76 	      0 	      0 
   11.511	 TOPPING	     8 	   2.31 	   8.76 	      0 	      0 
   11.764	   COOK	     6 	   2.31 	   8.76 	      0 	      0 
   12.078	   COOK	     7 	   2.31 	   8.76 	      0 	      0 
   13.634	   COOK	     8 	   2.31 	   8.76 	      0 	      0 
   13.636	  READY	     4 	   2.31 	   8.76 	      0 	      0 
   13.636	 FINISH	     4 	   2.31 	   8.76 	      0 	      0 
   13.682	  READY	     5 	   2.31 	   8.76 	      0 	      0 
   14.830	  READY	     6 	   2.31 	   8.76 	      0 	      0 
   15.244	  READY	     7 	   2.31 	   8.76 	      0 	      0 
   15.297	 DELIVER	     4 	  0.686 	   7.98 	      0 	      0 
   15.297	 FINISH	     5 	  0.686 	   7.98 	      0 	      0 
   16.593	 DELIVER	     5 	    1.4 	   9.08 	      0 	      0 
   16.593	 FINISH	     6 	    1.4 	   9.08 	      0 	      0 
   17.488	    ARR	     9 	    1.4 	   9.08 	      0 	      0 
   17.488	 TOPPING	     9 	    1.4 	   9.08 	      0 	      0 
   17.505	 DELIVER	     6 	   1.45 	   7.19 	      0 	      0 
   17.505	 FINISH	     7 	   1.45 	   7.19 	      0 	      0 
   17.815	  READY	     8 	   1.45 	   7.19 	      0 	      0 
   17.915	    ARR	    10 	   1.45 	   7.19 	      0 	      0 
   17.915	 TOPPING	    10 	   1.45 	   7.19 	      0 	      0 
   18.409	 DELIVER	     7 	   1.15 	   7.48 	      0 	      0 
   18.409	 FINISH	     8 	   1.15 	   7.48 	      0 	      0 
   19.406	   COOK	     9 	   1.15 	   7.48 	      0 	      0 
   20.244	 DELIVER	     8 	   2.12 	   8.73 	      0 	      0 
   20.318	    ARR	    11 	   2.12 	   8.73 	      0 	      0 
   20.318	 TOPPING	    11 	   2.12 	   8.73 	      0 	      0 
   20.758	   COOK	    10 	   2.12 	   8.73 	      0 	      0 
   21.855	    ARR	    12 	   2.12 	   8.73 	      0 	      0 
   21.855	 TOPPING	    12 	   2.12 	   8.73 	      0 	      0 
   22.433	   COOK	    11 	   2.12 	   8.73 	      0 	      0 
   22.481	   COOK	    12 	   2.12 	   8.73 	      0 	      0 
   22.548	  READY	     9 	   2.12 	   8.73 	      0 	      0 
   22.548	 FINISH	     9 	   2.12 	   8.73 	      0 	      0 
   22.753	 DELIVER	     9 	   1.92 	   5.26 	      0 	      0 
   23.389	    ARR	    13 	   1.92 	   5.26 	      0 	      0 
   23.389	 TOPPING	    13 	   1.92 	   5.26 	      0 	      0 
   24.658	    ARR	    14 	   1.92 	   5.26 	      0 	      0 
   24.658	 TOPPING	    14 	   1.92 	   5.26 	      0 	      0 
   25.874	  READY	    10 	   1.92 	   5.26 	      0 	      0 
   25.874	 FINISH	    10 	   1.92 	   5.26 	      0 	      0 
   25.922	    ARR	    15 	   1.92 	   5.26 	      0 	      0 
   25.922	 TOPPING	    15 	   1.92 	   5.26 	      0 	      0 
   25.973	   COOK	    13 	   1.92 	   5.26 	      0 	      0 
   26.116	  READY	    11 	   1.92 	   5.26 	      0 	      0 
   26.395	    ARR	    16 	   1.92 	   5.26 	      0 	      0 
   26.395	 TOPPING	    16 	   1.92 	   5.26 	      0 	      0 
   26.969	    ARR	    17 	   1.92 	   5.26 	      0 	      0 
   26.997	  READY	    12 	   1.92 	   5.26 	      0 	      0 
   27.103	   COOK	    14 	   1.92 	   5.26 	      0 	      0 
   27.103	 TOPPING	    17 	   1.92 	   5.26 	      0 	      0 
   27.258	    ARR	    18 	   1.92 	   5.26 	      0 	      0 
   27.266	   COOK	    15 	   1.92 	   5.26 	      0 	      0 
   27.266	 TOPPING	    18 	   1.92 	   5.26 	      0 	      0 
   27.478	   COOK	    16 	   1.92 	   5.26 	      0 	      0 
   27.686	 DELIVER	    10 	   2.84 	   9.77 	      0 	      0 
   27.686	 FINISH	    11 	   2.84 	   9.77 	      0 	      0 
   27.772	   COOK	    17 	   2.84 	   9.77 	      0 	      0 
   29.260	 DELIVER	    11 	   2.16 	   8.94 	      0 	      0 
   29.260	 FINISH	    12 	   2.16 	   8.94 	      0 	      0 
   29.509	 DELIVER	    12 	  0.578 	   7.65 	      0 	      0 
   29.892	  READY	    13 	  0.578 	   7.65 	      0 	      0 
   29.892	 FINISH	    13 	  0.578 	   7.65 	      0 	      0 
   29.934	   COOK	    18 	  0.578 	   7.65 	      0 	      0 
   30.255	  READY	    14 	  0.578 	   7.65 	      0 	      0 
   30.552	    ARR	    19 	  0.578 	   7.65 	      0 	      0 
   30.552	 TOPPING	    19 	  0.578 	   7.65 	      0 	      0 
   30.671	 DELIVER	    13 	   2.58 	   7.28 	      0 	      0 
   30.671	 FINISH	    14 	   2.58 	   7.28 	      0 	      0 
   30.894	 DELIVER	    14 	   2.61 	   6.24 	      0 	      0 
   30.964	  READY	    15 	   2.61 	   6.24 	      0 	      0 
   30.964	 FINISH	    15 	   2.61 	   6.24 	      0 	      0 
   31.465	  READY	    16 	   2.61 	   6.24 	      0 	      0 
   31.749	   COOK	    19 	   2.61 	   6.24 	      0 	      0 
   32.406	 DELIVER	    15 	   1.18 	   6.48 	      0 	      0 
   32.406	 FINISH	    16 	   1.18 	   6.48 	      0 	      0 
   32.436	  READY	    17 	   1.18 	   6.48 	      0 	      0 
   32.651	 DELIVER	    16 	   1.08 	   6.26 	      0 	      0 
   32.651	 FINISH	    17 	   1.08 	   6.26 	      0 	      0 
   33.899	 DELIVER	    17 	  0.506 	   6.64 	      0 	      0 
   34.364	  READY	    18 	  0.506 	   6.64 	      0 	      0 
   34.364	 FINISH	    18 	  0.506 	   6.64 	      0 	      0 
   34.375	    ARR	    20 	  0.506 	   6.64 	      0 	      0 
   34.375	 TOPPING	    20 	  0.506 	   6.64 	      0 	      0 
   34.570	 DELIVER	    18 	   2.83 	    7.6 	      0 	      0 
   35.165	   COOK	    20 	   2.83 	    7.6 	      0 	      0 
   35.268	    ARR	    21 	   2.83 	    7.6 	      0 	      0 
   35.268	 TOPPING	    21 	   2.83 	    7.6 	      0 	      0 
   35.355	    ARR	    22 	   2.83 	    7.6 	      0 	      0 
   35.355	 TOPPING	    22 	   2.83 	    7.6 	      0 	      0 
   35.969	   COOK	    21 	   2.83 	    7.6 	      0 	      0 
   36.160	    ARR	    23 	   2.83 	    7.6 	      0 	      0 
   36.160	 TOPPING	    23 	   2.83 	    7.6 	      0 	      0 
   36.305	   COOK	    22 	   2.83 	    7.6 	      0 	      0 
   37.399	  READY	    19 	   2.83 	    7.6 	      0 	      0 
   37.399	 FINISH	    19 	   2.83 	    7.6 	      0 	      0 
   37.957	    ARR	    24 	   2.83 	    7.6 	      0 	      0 
   37.957	 TOPPING	    24 	   2.83 	    7.6 	      0 	      0 
   38.095	   COOK	    23 	   2.83 	    7.6 	      0 	      0 
   39.924	    ARR	    25 	   2.83 	    7.6 	      0 	      0 
   39.924	 TOPPING	    25 	   2.83 	    7.6 	      0 	      0 
   40.076	  READY	    20 	   2.83 	    7.6 	      0 	      0 
   40.179	 DELIVER	    19 	    1.2 	   9.63 	      0 	      0 
   40.179	 FINISH	    20 	    1.2 	   9.63 	      0 	      0 
   40.444	 DELIVER	    20 	   0.79 	   6.07 	      0 	      0 
   40.658	  READY	    21 	   0.79 	   6.07 	      0 	      0 
   40.658	 FINISH	    21 	   0.79 	   6.07 	      0 	      0 
   40.778	   COOK	    24 	   0.79 	   6.07 	      0 	      0 
   41.406	  READY	    22 	   0.79 	   6.07 	      0 	      0 
   41.728	   COOK	    25 	   0.79 	   6.07 	      0 	      0 
   41.790	  READY	    23 	   0.79 	   6.07 	      0 	      0 
   42.639	 DELIVER	    21 	  0.949 	   7.28 	      0 	      0 
   42.639	 FINISH	    22 	  0.949 	   7.28 	      0 	      0 
   43.706	    ARR	    26 	  0.949 	   7.28 	      0 	      0 
   43.706	 TOPPING	    26 	  0.949 	   7.28 	      0 	      0 
   44.143	   COOK	    26 	  0.949 	   7.28 	      0 	      0 
   44.466	 DELIVER	    22 	  0.949 	   37.2 	      0 	      0 
   44.466	 FINISH	    23 	  0.949 	   37.2 	      0 	      0 
   44.503	 DELIVER	    23 	   1.94 	   8.34 	      0 	      0 
   45.464	  READY	    24 	   1.94 	   8.34 	      0 	      0 
   45.464	 FINISH	    24 	   1.94 	   8.34 	      0 	      0 
   45.874	    ARR	    27 	   1.94 	   8.34 	      0 	      0 
   45.874	 TOPPING	    27 	   1.94 	   8.34 	      0 	      0 
   46.942	  READY	    25 	   1.94 	   8.34 	      0 	      0 
   46.976	 DELIVER	    24 	   2.82 	   9.02 	      0 	      0 
   46.976	 FINISH	    25 	   2.82 	   9.02 	      0 	      0 
   47.393	    ARR	    28 	   2.82 	   9.02 	      0 	      0 
   47.393	 TOPPING	    28 	   2.82 	   9.02 	      0 	      0 
   47.460	    ARR	    29 	   2.82 	   9.02 	      0 	      0 
   47.460	 TOPPING	    29 	   2.82 	   9.02 	      0 	      0 
   47.559	 DELIVER	    25 	    1.8 	   7.63 	      0 	      0 
   47.801	   COOK	    27 	    1.8 	   7.63 	      0 	      0 
   48.479	  READY	    26 	    1.8 	   7.63 	      0 	      0 
   48.479	 FINISH	    26 	    1.8 	   7.63 	      0 	      0 
   48.712	 DELIVER	    26 	  0.437 	   5.01 	      0 	      0 
   48.859	   COOK	    28 	  0.437 	   5.01 	      0 	      0 
   49.796	   COOK	    29 	  0.437 	   5.01 	      0 	      0 
   50.616	    ARR	    30 	  0.437 	   5.01 	      0 	      0 
   50.616	 TOPPING	    30 	  0.437 	   5.01 	      0 	      0 
   50.911	    ARR	    31 	  0.437 	   5.01 	      0 	      0 
   50.911	 TOPPING	    31 	  0.437 	   5.01 	      0 	      0 
   51.265	    ARR	    32 	  0.437 	   5.01 	      0 	      0 
   51.265	 TOPPING	    32 	  0.437 	   5.01 	      0 	      0 
   51.543	   COOK	    30 	  0.437 	   5.01 	      0 	      0 
   51.606	  READY	    27 	  0.437 	   5.01 	      0 	      0 
   51.606	 FINISH	    27 	  0.437 	   5.01 	      0 	      0 
   51.815	 DELIVER	    27 	  0.408 	   4.42 	      0 	      0 
   52.346	  READY	    28 	  0.408 	   4.42 	      0 	      0 
   52.346	 FINISH	    28 	  0.408 	   4.42 	      0 	      0 
   52.535	   COOK	    31 	  0.408 	   4.42 	      0 	      0 
   52.673	   COOK	    32 	  0.408 	   4.42 	      0 	      0 
   52.837	  READY	    29 	  0.408 	   4.42 	      0 	      0 
   52.838	    ARR	    33 	  0.408 	   4.42 	      0 	      0 
   52.838	 TOPPING	    33 	  0.408 	   4.42 	      0 	      0 
   53.138	    ARR	    34 	  0.408 	   4.42 	      0 	      0 
   53.138	 TOPPING	    34 	  0.408 	   4.42 	      0 	      0 
   53.393	    ARR	    35 	  0.408 	   4.42 	      0 	      0 
   53.393	 TOPPING	    35 	  0.408 	   4.42 	      0 	      0 
   53.930	    ARR	    36 	  0.408 	   4.42 	      0 	      0 
   53.989	   COOK	    33 	  0.408 	   4.42 	      0 	      0 
   53.989	 TOPPING	    36 	  0.408 	   4.42 	      0 	      0 
   54.183	    ARR	    37 	  0.408 	   4.42 	      0 	      0 
   54.790	  READY	    30 	  0.408 	   4.42 	      0 	      0 
   54.798	 DELIVER	    28 	   2.99 	   8.92 	      0 	      0 
   54.798	 FINISH	    29 	   2.99 	   8.92 	      0 	      0 
   55.160	    ARR	    38 	   2.99 	   8.92 	      0 	      0 
   55.355	 DELIVER	    29 	   2.34 	    7.9 	      0 	      0 
   55.355	 FINISH	    30 	   2.34 	    7.9 	      0 	      0 
   55.357	   COOK	    34 	   2.34 	    7.9 	      0 	      0 
   55.357	 TOPPING	    37 	   2.34 	    7.9 	      0 	      0 
   55.519	 DELIVER	    30 	  0.927 	    4.9 	      0 	      0 
   55.832	   COOK	    35 	  0.927 	    4.9 	      0 	      0 
   55.832	 TOPPING	    38 	  0.927 	    4.9 	      0 	      0 
   55.886	   COOK	    36 	  0.927 	    4.9 	      0 	      0 
   55.891	  READY	    31 	  0.927 	    4.9 	      0 	      0 
   55.891	 FINISH	    31 	  0.927 	    4.9 	      0 	      0 
   56.647	   COOK	    37 	  0.927 	    4.9 	      0 	      0 
   56.926	    ARR	    39 	  0.927 	    4.9 	      0 	      0 
   56.926	 TOPPING	    39 	  0.927 	    4.9 	      0 	      0 
   57.042	  READY	    32 	  0.927 	    4.9 	      0 	      0 
   57.374	 DELIVER	    31 	   1.27 	   6.11 	      0 	      0 
   57.374	 FINISH	    32 	   1.27 	   6.11 	      0 	      0 
   57.771	 DELIVER	    32 	   1.76 	   6.86 	      0 	      0 
   57.994	   COOK	    38 	   1.76 	   6.86 	      0 	      0 
   58.711	  READY	    33 	   1.76 	   6.86 	      0 	      0 
   58.711	 FINISH	    33 	   1.76 	   6.86 	      0 	      0 
   59.175	    ARR	    40 	   1.76 	   6.86 	      0 	      0 
   59.175	 TOPPING	    40 	   1.76 	   6.86 	      0 	      0 
   59.289	  READY	    34 	   1.76 	   6.86 	      0 	      0 
   59.634	 DELIVER	    33 	   2.52 	    6.8 	      0 	      0 
   59.634	 FINISH	    34 	   2.52 	    6.8 	      0 	      0 
   59.689	   COOK	    39 	   2.52 	    6.8 	      0 	      0 
   59.786	  READY	    35 	   2.52 	    6.8 	      0 	      0 
   59.788	 DELIVER	    34 	   2.69 	   6.65 	      0 	      0 
   59.788	 FINISH	    35 	   2.69 	   6.65 	      0 	      0 
   60.050	    ARR	    41 	   2.69 	   6.65 	      0 	      0 
   60.050	 TOPPING	    41 	   2.69 	   6.65 	      0 	      0 
   60.190	    ARR	    42 	   2.69 	   6.65 	      0 	      0 
   60.190	 TOPPING	    42 	   2.69 	   6.65 	      0 	      0 
   60.841	   COOK	    40 	   2.69 	   6.65 	      0 	      0 
   61.264	   COOK	    41 	   2.69 	   6.65 	      0 	      0 
   61.350	  READY	    36 	   2.69 	   6.65 	      0 	      0 
   61.915	    ARR	    43 	   2.69 	   6.65 	      0 	      0 
   61.915	 TOPPING	    43 	   2.69 	   6.65 	      0 	      0 
   62.261	  READY	    37 	   2.69 	   6.65 	      0 	      0 
   62.412	    ARR	    44 	   2.69 	   6.65 	      0 	      0 
   62.412	 TOPPING	    44 	   2.69 	   6.65 	      0 	      0 
   62.416	 DELIVER	    35 	  0.596 	   9.02 	      0 	      0 
   62.416	 FINISH	    36 	  0.596 	   9.02 	      0 	      0 
   62.713	 DELIVER	    36 	   2.66 	   8.78 	      0 	      0 
   62.713	 FINISH	    37 	   2.66 	   8.78 	      0 	      0 
   62.751	   COOK	    42 	   2.66 	   8.78 	      0 	      0 
   62.900	    ARR	    45 	   2.66 	   8.78 	      0 	      0 
   62.900	 TOPPING	    45 	   2.66 	   8.78 	      0 	      0 
   63.318	   COOK	    43 	   2.66 	   8.78 	      0 	      0 
   63.822	    ARR	    46 	   2.66 	   8.78 	      0 	      0 
   63.822	 TOPPING	    46 	   2.66 	   8.78 	      0 	      0 
   63.870	  READY	    38 	   2.66 	   8.78 	      0 	      0 
   64.108	   COOK	    44 	   2.66 	   8.78 	      0 	      0 
   64.316	  READY	    39 	   2.66 	   8.78 	      0 	      0 
   64.757	  READY	    40 	   2.66 	   8.78 	      0 	      0 
   64.830	   COOK	    45 	   2.66 	   8.78 	      0 	      0 
   64.896	    ARR	    47 	   2.66 	   8.78 	      0 	      0 
   64.896	 TOPPING	    47 	   2.66 	   8.78 	      0 	      0 
   64.907	 DELIVER	    37 	  0.529 	   10.7 	      0 	      0 
   64.907	 FINISH	    38 	  0.529 	   10.7 	      0 	      0 
   65.231	  READY	    41 	  0.529 	   10.7 	      0 	      0 
   65.245	    ARR	    48 	  0.529 	   10.7 	      0 	      0 
   65.245	 TOPPING	    48 	  0.529 	   10.7 	      0 	      0 
   65.562	    ARR	    49 	  0.529 	   10.7 	      0 	      0 
   65.702	    ARR	    50 	  0.529 	   10.7 	      0 	      0 
   66.049	    ARR	    51 	  0.529 	   10.7 	      0 	      0 
   66.307	    ARR	    52 	  0.529 	   10.7 	      0 	      0 
   66.598	    ARR	    53 	  0.529 	   10.7 	      0 	      0 
   66.762	   COOK	    46 	  0.529 	   10.7 	      0 	      0 
   66.762	 TOPPING	    49 	  0.529 	   10.7 	      0 	      0 
   66.825	 DELIVER	    38 	   2.16 	   11.7 	      0 	      0 
   66.825	 FINISH	    39 	   2.16 	   11.7 	      0 	      0 
   66.947	   COOK	    47 	   2.16 	   11.7 	      0 	      0 
   66.947	 TOPPING	    50 	   2.16 	   11.7 	      0 	   0.64 
   67.046	 DELIVER	    39 	   2.76 	   10.1 	      0 	   0.64 
   67.046	 FINISH	    40 	   2.76 	   10.1 	      0 	   0.64 
   67.475	   COOK	    48 	   2.76 	   10.1 	      0 	   0.64 
   67.475	 TOPPING	    51 	   2.76 	   10.1 	      0 	   0.64 
   67.514	    ARR	    54 	   2.76 	   10.1 	      0 	   0.64 
   67.764	 DELIVER	    40 	   1.67 	   8.59 	      0 	   0.64 
   67.764	 FINISH	    41 	   1.67 	   8.59 	      0 	   0.64 
   67.886	   COOK	    49 	   1.67 	   8.59 	      0 	   0.64 
   67.886	 TOPPING	    52 	   1.67 	   8.59 	      0 	   0.64 
   67.945	  READY	    42 	   1.67 	   8.59 	      0 	   0.64 
   67.950	 DELIVER	    41 	   1.21 	    7.9 	      0 	   0.64 
   67.950	 FINISH	    42 	   1.21 	    7.9 	      0 	   0.64 
   68.294	    ARR	    55 	   1.21 	    7.9 	      0 	   0.64 
   68.363	 DELIVER	    42 	   2.56 	   8.17 	      0 	   0.64 
   68.678	  READY	    43 	   2.56 	   8.17 	      0 	   0.64 
   68.678	 FINISH	    43 	   2.56 	   8.17 	      0 	   0.64 
   68.692	   COOK	    50 	   2.56 	   8.17 	      0 	   0.64 
   68.692	 TOPPING	    53 	   2.56 	   8.17 	      0 	   0.64 
   68.834	  READY	    44 	   2.56 	   8.17 	      0 	   0.64 
   69.005	   COOK	    51 	   2.56 	   8.17 	      0 	   0.64 
   69.005	 TOPPING	    54 	   2.56 	   8.17 	      0 	   0.64 
   69.366	    ARR	    56 	   2.56 	   8.17 	      0 	   0.64 
   69.474	 DELIVER	    43 	   2.19 	   7.56 	      0 	   0.64 
   69.474	 FINISH	    44 	   2.19 	   7.56 	      0 	   0.64 
   69.642	  READY	    45 	   2.19 	   7.56 	      0 	   0.64 
   70.002	    ARR	    57 	   2.19 	   7.56 	      0 	   0.64 
   70.575	   COOK	    52 	   2.19 	   7.56 	      0 	   0.64 
   70.575	 TOPPING	    55 	   2.19 	   7.56 	      0 	   0.64 
   70.746	   COOK	    53 	   2.19 	   7.56 	      0 	   0.64 
   70.746	 TOPPING	    56 	   2.19 	   7.56 	      0 	   0.64 
   70.836	 DELIVER	    44 	  0.906 	   8.42 	      0 	   0.64 
   70.836	 FINISH	    45 	  0.906 	   8.42 	      0 	   0.64 
   70.932	   COOK	    54 	  0.906 	   8.42 	      0 	   0.64 
   70.932	 TOPPING	    57 	  0.906 	   8.42 	      0 	   0.64 
   71.079	    ARR	    58 	  0.906 	   8.42 	      0 	   0.64 
   71.196	  READY	    46 	  0.906 	   8.42 	      0 	   0.64 
   71.216	  READY	    47 	  0.906 	   8.42 	      0 	   0.64 
   71.321	  READY	    48 	  0.906 	   8.42 	      0 	   0.64 
   71.342	 DELIVER	    45 	   1.93 	   8.44 	      0 	   0.64 
   71.342	 FINISH	    46 	   1.93 	   8.44 	      0 	   0.64 
   71.444	  READY	    49 	   1.93 	   8.44 	      0 	   0.64 
   71.498	 DELIVER	    46 	   2.94 	   7.68 	      0 	   0.64 
   71.498	 FINISH	    47 	   2.94 	   7.68 	      0 	   0.64 
   71.548	   COOK	    55 	   2.94 	   7.68 	      0 	   0.64 
   71.548	 TOPPING	    58 	   2.94 	   7.68 	      0 	   0.64 
   71.682	    ARR	    59 	   2.94 	   7.68 	      0 	   0.64 
   71.698	    ARR	    60 	   2.94 	   7.68 	      0 	   0.64 
   72.019	   COOK	    56 	   2.94 	   7.68 	      0 	   0.64 
   72.019	 TOPPING	    59 	   2.94 	   7.68 	      0 	   0.64 
   72.255	    ARR	    61 	   2.94 	   7.68 	      0 	   0.64 
   72.367	  READY	    50 	   2.94 	   7.68 	      0 	   0.64 
   72.387	   COOK	    57 	   2.94 	   7.68 	      0 	   0.64 
   72.387	 TOPPING	    60 	   2.94 	   7.68 	      0 	   0.64 
   72.418	 DELIVER	    47 	   2.58 	   7.52 	      0 	   0.64 
   72.418	 FINISH	    48 	   2.58 	   7.52 	      0 	   0.64 
   72.626	   COOK	    58 	   2.58 	   7.52 	      0 	   0.64 
   72.626	 TOPPING	    61 	   2.58 	   7.52 	      0 	   0.64 
   72.860	    ARR	    62 	   2.58 	   7.52 	      0 	   0.64 
   72.926	    ARR	    63 	   2.58 	   7.52 	      0 	   0.64 
   73.306	 DELIVER	    48 	    1.7 	   8.06 	      0 	   0.64 
   73.306	 FINISH	    49 	    1.7 	   8.06 	      0 	   0.64 
   73.329	  READY	    51 	    1.7 	   8.06 	      0 	   0.64 
   73.441	    ARR	    64 	    1.7 	   8.06 	      0 	   0.64 
   73.990	    ARR	    65 	    1.7 	   8.06 	      0 	   0.64 
   74.564	  READY	    52 	    1.7 	   8.06 	      0 	   0.64 
   74.662	   COOK	    59 	    1.7 	   8.06 	      0 	   0.64 
   74.662	 TOPPING	    62 	    1.7 	   8.06 	      0 	   1.31 
   74.726	    ARR	    66 	    1.7 	   8.06 	      0 	   1.31 
   74.758	 DELIVER	    49 	   1.93 	    9.2 	      0 	   1.31 
   74.758	 FINISH	    50 	   1.93 	    9.2 	      0 	   1.31 
   74.786	   COOK	    60 	   1.93 	    9.2 	      0 	   1.31 
   74.786	 TOPPING	    63 	   1.93 	    9.2 	      0 	   1.37 
   75.066	  READY	    53 	   1.93 	    9.2 	      0 	   1.37 
   75.194	    ARR	    67 	   1.93 	    9.2 	      0 	   1.37 
   75.223	  READY	    54 	   1.93 	    9.2 	      0 	   1.37 
   75.393	   COOK	    61 	   1.93 	    9.2 	      0 	   1.37 
   75.393	 TOPPING	    64 	   1.93 	    9.2 	      0 	   1.57 
   75.854	    ARR	    68 	   1.93 	    9.2 	      0 	   1.57 
   76.055	 DELIVER	    50 	  0.939 	   10.4 	      0 	   1.57 
   76.055	 FINISH	    51 	  0.939 	   10.4 	      0 	   1.57 
   76.106	  READY	    55 	  0.939 	   10.4 	      0 	   1.57 
   76.124	   COOK	    62 	  0.939 	   10.4 	      0 	   1.57 
   76.124	 TOPPING	    65 	  0.939 	   10.4 	      0 	   1.84 
   76.166	  READY	    56 	  0.939 	   10.4 	      0 	   1.84 
   76.171	  READY	    57 	  0.939 	   10.4 	      0 	   1.84 
   76.189	    ARR	    69 	  0.939 	   10.4 	      0 	   1.84 
   76.521	    ARR	    70 	  0.939 	   10.4 	      0 	   1.84 
   76.667	  READY	    58 	  0.939 	   10.4 	      0 	   1.84 
   76.820	    ARR	    71 	  0.939 	   10.4 	      0 	   1.84 
   77.077	    ARR	    72 	  0.939 	   10.4 	      0 	   1.84 
   77.121	   COOK	    63 	  0.939 	   10.4 	      0 	   1.84 
   77.121	 TOPPING	    66 	  0.939 	   10.4 	      0 	   1.84 
   77.202	   COOK	    64 	  0.939 	   10.4 	      0 	   1.84 
   77.202	 TOPPING	    67 	  0.939 	   10.4 	      0 	   1.84 
   77.609	    ARR	    73 	  0.939 	   10.4 	      0 	   1.84 
   77.828	   COOK	    65 	  0.939 	   10.4 	      0 	   1.84 
   77.828	 TOPPING	    68 	  0.939 	   10.4 	      0 	   1.84 
   77.922	   COOK	    66 	  0.939 	   10.4 	      0 	   1.84 
   77.922	 TOPPING	    69 	  0.939 	   10.4 	      0 	   1.84 
   78.204	    ARR	    74 	  0.939 	   10.4 	      0 	   1.84 
   78.876	   COOK	    67 	  0.939 	   10.4 	      0 	   1.84 
   78.876	 TOPPING	    70 	  0.939 	   10.4 	      0 	   1.84 
   78.960	    ARR	    75 	  0.939 	   10.4 	      0 	   1.84 
   79.202	  READY	    59 	  0.939 	   10.4 	      0 	   1.84 
   79.352	 DELIVER	    51 	   1.53 	   13.3 	      0 	   1.84 
   79.352	 FINISH	    52 	   1.53 	   13.3 	      0 	   1.84 
   79.399	   COOK	    68 	   1.53 	   13.3 	      0 	   1.84 
   79.399	 TOPPING	    71 	   1.53 	   13.3 	      0 	   1.84 
   79.620	   COOK	    69 	   1.53 	   13.3 	      0 	   1.84 
   79.620	 TOPPING	    72 	   1.53 	   13.3 	      0 	   5.27 
   79.696	  READY	    60 	   1.53 	   13.3 	      0 	   5.27 
   79.875	 DELIVER	    52 	   2.86 	   13.6 	      0 	   5.27 
   79.875	 FINISH	    53 	   2.86 	   13.6 	      0 	   5.27 
   80.067	  READY	    61 	   2.86 	   13.6 	      0 	   5.27 
   80.138	 DELIVER	    53 	   2.24 	   13.5 	      0 	   5.27 
   80.138	 FINISH	    54 	   2.24 	   13.5 	      0 	   5.27 
   80.167	   COOK	    70 	   2.24 	   13.5 	      0 	   5.27 
   80.167	 TOPPING	    73 	   2.24 	   13.5 	      0 	   5.27 
   80.273	   COOK	    71 	   2.24 	   13.5 	      0 	   5.27 
   80.273	 TOPPING	    74 	   2.24 	   13.5 	      0 	   5.27 
   80.649	 DELIVER	    54 	   1.57 	   13.1 	      0 	   5.27 
   80.649	 FINISH	    55 	   1.57 	   13.1 	      0 	   5.27 
   80.824	   COOK	    72 	   1.57 	   13.1 	      0 	   5.27 
   80.824	 TOPPING	    75 	   1.57 	   13.1 	      0 	   5.27 
   81.220	  READY	    62 	   1.57 	   13.1 	      0 	   5.27 
   81.249	  READY	    63 	   1.57 	   13.1 	      0 	   5.27 
   81.403	    ARR	    76 	   1.57 	   13.1 	      0 	   5.27 
   81.675	   COOK	    73 	   1.57 	   13.1 	      0 	   5.27 
   81.675	 TOPPING	    76 	   1.57 	   13.1 	      0 	   5.27 
   81.744	    ARR	    77 	   1.57 	   13.1 	      0 	   5.27 
   81.937	  READY	    64 	   1.57 	   13.1 	      0 	   5.27 
   82.345	   COOK	    74 	   1.57 	   13.1 	      0 	   5.27 
   82.345	 TOPPING	    77 	   1.57 	   13.1 	      0 	   5.27 
   82.436	  READY	    65 	   1.57 	   13.1 	      0 	   5.27 
   82.592	  READY	    66 	   1.57 	   13.1 	      0 	   5.27 
   82.659	  READY	    67 	   1.57 	   13.1 	      0 	   5.27 
   82.870	 DELIVER	    55 	   2.05 	   14.6 	      0 	   5.27 
   82.870	 FINISH	    56 	   2.05 	   14.6 	      0 	   5.27 
   82.904	   COOK	    75 	   2.05 	   14.6 	      0 	   5.27 
   82.904	 DELIVER	    56 	   1.64 	   13.5 	      0 	   5.27 
   82.904	 FINISH	    57 	   1.64 	   13.5 	      0 	   5.27 
   82.934	 DELIVER	    57 	  0.616 	   12.9 	      0 	   5.27 
   82.934	 FINISH	    58 	  0.616 	   12.9 	      0 	   5.27 
   83.430	  READY	    68 	  0.616 	   12.9 	      0 	   5.27 
   83.499	   COOK	    76 	  0.616 	   12.9 	      0 	   5.27 
   83.534	 DELIVER	    58 	  0.471 	   12.5 	      0 	   5.27 
   83.534	 FINISH	    59 	  0.471 	   12.5 	      0 	   5.27 
   83.739	   COOK	    77 	  0.471 	   12.5 	      0 	   5.27 
   83.832	 DELIVER	    59 	   2.77 	   12.1 	      0 	   5.27 
   83.832	 FINISH	    60 	   2.77 	   12.1 	      0 	   5.27 
   83.855	  READY	    69 	   2.77 	   12.1 	      0 	   5.27 
   83.937	    ARR	    78 	   2.77 	   12.1 	      0 	   5.27 
   83.937	 TOPPING	    78 	   2.77 	   12.1 	      0 	   5.27 
   84.220	  READY	    70 	   2.77 	   12.1 	      0 	   5.27 
   84.303	  READY	    71 	   2.77 	   12.1 	      0 	   5.27 
   84.357	  READY	    72 	   2.77 	   12.1 	      0 	   5.27 
   85.075	    ARR	    79 	   2.77 	   12.1 	      0 	   5.27 
   85.075	 TOPPING	    79 	   2.77 	   12.1 	      0 	   5.27 
   85.473	 DELIVER	    60 	   2.28 	   13.8 	      0 	   5.27 
   85.473	 FINISH	    61 	   2.28 	   13.8 	      0 	   5.27 
   85.517	   COOK	    78 	   2.28 	   13.8 	      0 	   5.27 
   85.915	    ARR	    80 	   2.28 	   13.8 	      0 	   5.27 
   85.915	 TOPPING	    80 	   2.28 	   13.8 	      0 	   5.27 
   86.580	    ARR	    81 	   2.28 	   13.8 	      0 	   5.27 
   86.580	 TOPPING	    81 	   2.28 	   13.8 	      0 	   5.27 
   86.626	   COOK	    79 	   2.28 	   13.8 	      0 	   5.27 
   86.765	    ARR	    82 	   2.28 	   13.8 	      0 	   5.27 
   86.765	 TOPPING	    82 	   2.28 	   13.8 	      0 	   5.27 
   86.860	  READY	    73 	   2.28 	   13.8 	      0 	   5.27 
   86.978	  READY	    74 	   2.28 	   13.8 	      0 	   5.27 
   87.081	 DELIVER	    61 	   2.77 	   14.8 	      0 	   5.27 
   87.081	 FINISH	    62 	   2.77 	   14.8 	      0 	   5.27 
   87.321	   COOK	    80 	   2.77 	   14.8 	      0 	   5.27 
   87.515	   COOK	    81 	   2.77 	   14.8 	      0 	   5.27 
   88.110	  READY	    75 	   2.77 	   14.8 	      0 	   5.27 
   88.391	 DELIVER	    62 	   2.46 	   15.5 	      0 	   5.27 
   88.391	 FINISH	    63 	   2.46 	   15.5 	      0 	   5.27 
   88.497	  READY	    76 	   2.46 	   15.5 	      0 	   5.27 
   88.840	 DELIVER	    63 	   1.34 	   15.9 	      0 	   5.27 
   88.840	 FINISH	    64 	   1.34 	   15.9 	      0 	   5.27 
   88.876	   COOK	    82 	   1.34 	   15.9 	      0 	   5.27 
   88.918	  READY	    77 	   1.34 	   15.9 	      0 	   5.27 
   89.280	  READY	    78 	   1.34 	   15.9 	      0 	   5.27 
   89.595	    ARR	    83 	   1.34 	   15.9 	      0 	   5.27 
   89.595	 TOPPING	    83 	   1.34 	   15.9 	      0 	   5.27 
   89.609	 DELIVER	    64 	   1.81 	   16.2 	      0 	   5.27 
   89.609	 FINISH	    65 	   1.81 	   16.2 	      0 	   5.27 
   89.647	 DELIVER	    65 	    1.7 	   15.7 	      0 	   5.27 
   89.647	 FINISH	    66 	    1.7 	   15.7 	      0 	   5.27 
   89.648	 DELIVER	    66 	  0.801 	   14.9 	      0 	   5.27 
   89.648	 FINISH	    67 	  0.801 	   14.9 	      0 	   5.27 
   89.945	  READY	    79 	  0.801 	   14.9 	      0 	   5.27 
   90.887	    ARR	    84 	  0.801 	   14.9 	      0 	   5.27 
   90.887	 TOPPING	    84 	  0.801 	   14.9 	      0 	   5.27 
   90.891	  READY	    80 	  0.801 	   14.9 	      0 	   5.27 
   91.292	   COOK	    83 	  0.801 	   14.9 	      0 	   5.27 
   91.826	   COOK	    84 	  0.801 	   14.9 	      0 	   5.27 
   91.986	  READY	    81 	  0.801 	   14.9 	      0 	   5.27 
   92.349	  READY	    82 	  0.801 	   14.9 	      0 	   5.27 
   92.491	 DELIVER	    67 	   2.42 	   17.3 	      0 	   5.27 
   92.491	 FINISH	    68 	   2.42 	   17.3 	      0 	   5.27 
   93.060	 DELIVER	    68 	   2.45 	   17.2 	      0 	   5.27 
   93.060	 FINISH	    69 	   2.45 	   17.2 	      0 	   5.27 
   94.554	    ARR	    85 	   2.45 	   17.2 	      0 	   5.27 
   94.554	 TOPPING	    85 	   2.45 	   17.2 	      0 	   5.27 
   96.121	  READY	    83 	   2.45 	   17.2 	      0 	   5.27 
   96.265	    ARR	    86 	   2.45 	   17.2 	      0 	   5.27 
   96.265	 TOPPING	    86 	   2.45 	   17.2 	      0 	   5.27 
   96.415	  READY	    84 	   2.45 	   17.2 	      0 	   5.27 
   96.436	   COOK	    85 	   2.45 	   17.2 	      0 	   5.27 
   96.643	   COOK	    86 	   2.45 	   17.2 	      0 	   5.27 
   97.506	 DELIVER	    69 	  0.954 	   21.3 	      0 	   5.27 
   97.506	 FINISH	    70 	  0.954 	   21.3 	      0 	   5.27 
   99.204	 DELIVER	    70 	  0.522 	   22.7 	      0 	   5.27 
   99.204	 FINISH	    71 	  0.522 	   22.7 	      0 	   5.27 
  100.054	  READY	    85 	  0.522 	   22.7 	      0 	   5.27 
  100.485	 DELIVER	    71 	   2.28 	   23.7 	      0 	   5.27 
  100.485	 FINISH	    72 	   2.28 	   23.7 	      0 	   5.27 
  101.752	  READY	    86 	   2.28 	   23.7 	      0 	   5.27 
  101.940	 DELIVER	    72 	  0.547 	   24.9 	      0 	   5.27 
  101.940	 FINISH	    73 	  0.547 	   24.9 	      0 	   5.27 
  103.011	 DELIVER	    73 	   2.18 	   25.4 	      0 	   5.27 
  103.011	 FINISH	    74 	   2.18 	   25.4 	      0 	   5.27 
  103.088	 DELIVER	    74 	  0.551 	   24.9 	      0 	   5.27 
  103.088	 FINISH	    75 	  0.551 	   24.9 	      0 	   5.27 
  104.097	    ARR	    87 	  0.551 	   24.9 	      0 	   5.27 
  104.097	 TOPPING	    87 	  0.551 	   24.9 	      0 	   5.27 
  104.911	 DELIVER	    75 	   2.67 	     26 	      0 	   5.27 
  104.911	 FINISH	    76 	   2.67 	     26 	      0 	   5.27 
  106.287	    ARR	    88 	   2.67 	     26 	      0 	   5.27 
  106.287	 TOPPING	    88 	   2.67 	     26 	      0 	   5.27 
  106.328	    ARR	    89 	   2.67 	     26 	      0 	   5.27 
  106.328	 TOPPING	    89 	   2.67 	     26 	      0 	   5.27 
  106.743	   COOK	    87 	   2.67 	     26 	      0 	   5.27 
  107.081	   COOK	    88 	   2.67 	     26 	      0 	   5.27 
  107.578	    ARR	    90 	   2.67 	     26 	      0 	   5.27 
  107.578	 TOPPING	    90 	   2.67 	     26 	      0 	   5.27 
  108.779	 DELIVER	    76 	   1.23 	   27.4 	      0 	   5.27 
  108.779	 FINISH	    77 	   1.23 	   27.4 	      0 	   5.27 
  109.000	 DELIVER	    77 	   1.39 	   27.3 	      0 	   5.27 
  109.000	 FINISH	    78 	   1.39 	   27.3 	      0 	   5.27 
  109.252	   COOK	    89 	   1.39 	   27.3 	      0 	   5.27 
  109.978	    ARR	    91 	   1.39 	   27.3 	      0 	   5.27 
  109.978	 TOPPING	    91 	   1.39 	   27.3 	      0 	   5.27 
  110.056	  READY	    87 	   1.39 	   27.3 	      0 	   5.27 
  110.396	   COOK	    90 	   1.39 	   27.3 	      0 	   5.27 
  110.893	   COOK	    91 	   1.39 	   27.3 	      0 	   5.27 
  110.907	 DELIVER	    78 	   2.69 	     27 	      0 	   5.27 
  110.907	 FINISH	    79 	   2.69 	     27 	      0 	   5.27 
  111.760	 DELIVER	    79 	  0.442 	   26.7 	      0 	   5.27 
  111.760	 FINISH	    80 	  0.442 	   26.7 	      0 	   5.27 
  112.009	 DELIVER	    80 	    1.6 	   26.1 	      0 	   5.27 
  112.009	 FINISH	    81 	    1.6 	   26.1 	      0 	   5.27 
  112.457	    ARR	    92 	    1.6 	   26.1 	      0 	   5.27 
  112.457	 TOPPING	    92 	    1.6 	   26.1 	      0 	   5.27 
  112.769	    ARR	    93 	    1.6 	   26.1 	      0 	   5.27 
  112.769	 TOPPING	    93 	    1.6 	   26.1 	      0 	   5.27 
  112.949	  READY	    88 	    1.6 	   26.1 	      0 	   5.27 
  113.017	 DELIVER	    81 	  0.741 	   26.4 	      0 	   5.27 
  113.017	 FINISH	    82 	  0.741 	   26.4 	      0 	   5.27 
  113.290	  READY	    89 	  0.741 	   26.4 	      0 	   5.27 
  113.986	  READY	    90 	  0.741 	   26.4 	      0 	   5.27 
  114.300	  READY	    91 	  0.741 	   26.4 	      0 	   5.27 
  114.425	    ARR	    94 	  0.741 	   26.4 	      0 	   5.27 
  114.425	 TOPPING	    94 	  0.741 	   26.4 	      0 	   5.27 
  114.426	 DELIVER	    82 	   2.11 	   27.7 	      0 	   5.27 
  114.426	 FINISH	    83 	   2.11 	   27.7 	      0 	   5.27 
  114.747	   COOK	    92 	   2.11 	   27.7 	      0 	   5.27 
  114.766	   COOK	    93 	   2.11 	   27.7 	      0 	   5.27 
  114.930	    ARR	    95 	   2.11 	   27.7 	      0 	   5.27 
  114.930	 TOPPING	    95 	   2.11 	   27.7 	      0 	   5.27 
  115.080	 DELIVER	    83 	    1.7 	   25.5 	      0 	   5.27 
  115.080	 FINISH	    84 	    1.7 	   25.5 	      0 	   5.27 
  115.109	    ARR	    96 	    1.7 	   25.5 	      0 	   5.27 
  115.109	 TOPPING	    96 	    1.7 	   25.5 	      0 	   5.27 
  115.281	 DELIVER	    84 	  0.939 	   24.4 	      0 	   5.27 
  115.281	 FINISH	    85 	  0.939 	   24.4 	      0 	   5.27 
  115.527	   COOK	    94 	  0.939 	   24.4 	      0 	   5.27 
  115.844	 DELIVER	    85 	   1.88 	   21.3 	      0 	   5.27 
  115.844	 FINISH	    86 	   1.88 	   21.3 	      0 	   5.27 
  116.130	 DELIVER	    86 	  0.378 	   19.9 	      0 	   5.27 
  116.130	 FINISH	    87 	  0.378 	   19.9 	      0 	   5.27 
  116.538	   COOK	    95 	  0.378 	   19.9 	      0 	   5.27 
  116.970	   COOK	    96 	  0.378 	   19.9 	      0 	   5.27 
  117.078	    ARR	    97 	  0.378 	   19.9 	      0 	   5.27 
  117.078	 TOPPING	    97 	  0.378 	   19.9 	      0 	   5.27 
  117.455	 DELIVER	    87 	   2.65 	   13.4 	      0 	   5.27 
  117.455	 FINISH	    88 	   2.65 	   13.4 	      0 	   5.27 
  117.489	    ARR	    98 	   2.65 	   13.4 	      0 	   5.27 
  117.489	 TOPPING	    98 	   2.65 	   13.4 	      0 	   5.27 
  117.517	   COOK	    97 	   2.65 	   13.4 	      0 	   5.27 
  117.549	    ARR	    99 	   2.65 	   13.4 	      0 	   5.27 
  117.549	 TOPPING	    99 	   2.65 	   13.4 	      0 	   5.27 
  117.556	    ARR	   100 	   2.65 	   13.4 	      0 	   5.27 
  117.556	 TOPPING	   100 	   2.65 	   13.4 	      0 	   5.27 
  118.072	    ARR	   101 	   2.65 	   13.4 	      0 	   5.27 
  118.592	   COOK	    98 	   2.65 	   13.4 	      0 	   5.27 
  118.592	 TOPPING	   101 	   2.65 	   13.4 	      0 	   5.27 
  119.031	 DELIVER	    88 	   2.96 	   12.7 	      0 	   5.27 
  119.031	 FINISH	    89 	   2.96 	   12.7 	      0 	   5.27 
  119.162	    ARR	   102 	   2.96 	   12.7 	      0 	   5.27 
  119.266	   COOK	    99 	   2.96 	   12.7 	      0 	   5.27 
  119.266	 TOPPING	   102 	   2.96 	   12.7 	      0 	   5.27 
  119.392	    ARR	   103 	   2.96 	   12.7 	      0 	   5.27 
  119.393	  READY	    92 	   2.96 	   12.7 	      0 	   5.27 
  119.596	  READY	    93 	   2.96 	   12.7 	      0 	   5.27 
  119.901	   COOK	   100 	   2.96 	   12.7 	      0 	   5.27 
  119.901	 TOPPING	   103 	   2.96 	   12.7 	      0 	   5.27 
  120.180	  READY	    94 	   2.96 	   12.7 	      0 	   5.27 
  120.281	   COOK	   101 	   2.96 	   12.7 	      0 	   5.27 
  120.464	 DELIVER	    89 	  0.753 	   14.1 	      0 	   5.27 
  120.464	 FINISH	    90 	  0.753 	   14.1 	      0 	   5.27 
  120.561	    ARR	   104 	  0.753 	   14.1 	      0 	   5.27 
  120.561	 TOPPING	   104 	  0.753 	   14.1 	      0 	   5.27 
  120.677	   COOK	   102 	  0.753 	   14.1 	      0 	   5.27 
  120.742	    ARR	   105 	  0.753 	   14.1 	      0 	   5.27 
  120.742	 TOPPING	   105 	  0.753 	   14.1 	      0 	   5.27 
  121.018	   COOK	   103 	  0.753 	   14.1 	      0 	   5.27 
  121.040	 DELIVER	    90 	   2.82 	   13.5 	      0 	   5.27 
  121.040	 FINISH	    91 	   2.82 	   13.5 	      0 	   5.27 
  121.242	 DELIVER	    91 	  0.916 	   11.3 	      0 	   5.27 
  121.242	 FINISH	    92 	  0.916 	   11.3 	      0 	   5.27 
  121.425	   COOK	   104 	  0.916 	   11.3 	      0 	   5.27 
  121.560	   COOK	   105 	  0.916 	   11.3 	      0 	   5.27 
  121.602	  READY	    95 	  0.916 	   11.3 	      0 	   5.27 
  121.761	  READY	    96 	  0.916 	   11.3 	      0 	   5.27 
  121.955	    ARR	   106 	  0.916 	   11.3 	      0 	   5.27 
  121.955	 TOPPING	   106 	  0.916 	   11.3 	      0 	   5.27 
  122.171	    ARR	   107 	  0.916 	   11.3 	      0 	   5.27 
  122.171	 TOPPING	   107 	  0.916 	   11.3 	      0 	   5.27 
  122.237	  READY	    97 	  0.916 	   11.3 	      0 	   5.27 
  122.475	 DELIVER	    92 	   2.29 	     10 	      0 	   5.27 
  122.475	 FINISH	    93 	   2.29 	     10 	      0 	   5.27 
  122.733	   COOK	   106 	   2.29 	     10 	      0 	   5.27 
  123.088	    ARR	   108 	   2.29 	     10 	      0 	   5.27 
  123.088	 TOPPING	   108 	   2.29 	     10 	      0 	   5.27 
  123.135	  READY	    98 	   2.29 	     10 	      0 	   5.27 
  123.908	    ARR	   109 	   2.29 	     10 	      0 	   5.27 
  123.908	 TOPPING	   109 	   2.29 	     10 	      0 	   5.27 
  124.026	  READY	    99 	   2.29 	     10 	      0 	   5.27 
  124.590	   COOK	   107 	   2.29 	     10 	      0 	   5.27 
  124.612	 DELIVER	    93 	      2 	   11.8 	      0 	   5.27 
  124.612	 FINISH	    94 	      2 	   11.8 	      0 	   5.27 
  124.878	 DELIVER	    94 	    1.1 	   10.5 	      0 	   5.27 
  124.878	 FINISH	    95 	    1.1 	   10.5 	      0 	   5.27 
  124.924	  READY	   100 	    1.1 	   10.5 	      0 	   5.27 
  124.947	   COOK	   108 	    1.1 	   10.5 	      0 	   5.27 
  125.037	  READY	   101 	    1.1 	   10.5 	      0 	   5.27 
  125.152	   COOK	   109 	    1.1 	   10.5 	      0 	   5.27 
  125.566	  READY	   102 	    1.1 	   10.5 	      0 	   5.27 
  125.751	  READY	   103 	    1.1 	   10.5 	      0 	   5.27 
  125.998	 DELIVER	    95 	   1.61 	   11.1 	      0 	   5.27 
  125.998	 FINISH	    96 	   1.61 	   11.1 	      0 	   5.27 
  126.479	  READY	   104 	   1.61 	   11.1 	      0 	   5.27 
  126.670	  READY	   105 	   1.61 	   11.1 	      0 	   5.27 
  127.199	 DELIVER	    96 	   1.86 	   12.1 	      0 	   5.27 
  127.199	 FINISH	    97 	   1.86 	   12.1 	      0 	   5.27 
  127.897	 DELIVER	    97 	  0.438 	   10.8 	      0 	   5.27 
  127.897	 FINISH	    98 	  0.438 	   10.8 	      0 	   5.27 
  128.094	    ARR	   110 	  0.438 	   10.8 	      0 	   5.27 
  128.094	 TOPPING	   110 	  0.438 	   10.8 	      0 	   5.27 
  128.359	    ARR	   111 	  0.438 	   10.8 	      0 	   5.27 
  128.359	 TOPPING	   111 	  0.438 	   10.8 	      0 	   5.27 
  128.560	  READY	   106 	  0.438 	   10.8 	      0 	   5.27 
  128.981	  READY	   107 	  0.438 	   10.8 	      0 	   5.27 
  129.248	   COOK	   110 	  0.438 	   10.8 	      0 	   5.27 
  129.339	    ARR	   112 	  0.438 	   10.8 	      0 	   5.27 
  129.339	 TOPPING	   112 	  0.438 	   10.8 	      0 	   5.27 
  129.434	    ARR	   113 	  0.438 	   10.8 	      0 	   5.27 
  129.434	 TOPPING	   113 	  0.438 	   10.8 	      0 	   5.27 
  129.924	    ARR	   114 	  0.438 	   10.8 	      0 	   5.27 
  129.984	   COOK	   111 	  0.438 	   10.8 	      0 	   5.27 
  129.984	 TOPPING	   114 	  0.438 	   10.8 	      0 	   5.27 
  130.096	  READY	   108 	  0.438 	   10.8 	      0 	   5.27 
  130.311	   COOK	   112 	  0.438 	   10.8 	      0 	   5.27 
  130.430	  READY	   109 	  0.438 	   10.8 	      0 	   5.27 
  130.533	   COOK	   113 	  0.438 	   10.8 	      0 	   5.27 
  130.623	 DELIVER	    98 	   1.78 	   13.1 	      0 	   5.27 
  130.623	 FINISH	    99 	   1.78 	   13.1 	      0 	   5.27 
  131.257	    ARR	   115 	   1.78 	   13.1 	      0 	   5.27 
  131.257	 TOPPING	   115 	   1.78 	   13.1 	      0 	   5.27 
  131.313	   COOK	   114 	   1.78 	   13.1 	      0 	   5.27 
  131.991	    ARR	   116 	   1.78 	   13.1 	      0 	   5.27 
  131.991	 TOPPING	   116 	   1.78 	   13.1 	      0 	   5.27 
  132.423	    ARR	   117 	   1.78 	   13.1 	      0 	   5.27 
  132.423	 TOPPING	   117 	   1.78 	   13.1 	      0 	   5.27 
  132.988	   COOK	   115 	   1.78 	   13.1 	      0 	   5.27 
  133.357	 DELIVER	    99 	   2.35 	   15.8 	      0 	   5.27 
  133.357	 FINISH	   100 	   2.35 	   15.8 	      0 	   5.27 
  134.089	   COOK	   116 	   2.35 	   15.8 	      0 	   5.27 
  134.218	 DELIVER	   100 	   1.04 	   16.7 	      0 	   5.27 
  134.218	 FINISH	   101 	   1.04 	   16.7 	      0 	   5.27 
  134.337	    ARR	   118 	   1.04 	   16.7 	      0 	   5.27 
  134.337	 TOPPING	   118 	   1.04 	   16.7 	      0 	   5.27 
  134.376	    ARR	   119 	   1.04 	   16.7 	      0 	   5.27 
  134.376	 TOPPING	   119 	   1.04 	   16.7 	      0 	   5.27 
  134.415	  READY	   110 	   1.04 	   16.7 	      0 	   5.27 
  134.785	  READY	   111 	   1.04 	   16.7 	      0 	   5.27 
  134.807	  READY	   112 	   1.04 	   16.7 	      0 	   5.27 
  134.915	   COOK	   117 	   1.04 	   16.7 	      0 	   5.27 
  135.110	   COOK	   118 	   1.04 	   16.7 	      0 	   5.27 
  135.123	  READY	   113 	   1.04 	   16.7 	      0 	   5.27 
  135.357	    ARR	   120 	   1.04 	   16.7 	      0 	   5.27 
  135.357	 TOPPING	   120 	   1.04 	   16.7 	      0 	   5.27 
  135.414	  READY	   114 	   1.04 	   16.7 	      0 	   5.27 
  135.461	    ARR	   121 	   1.04 	   16.7 	      0 	   5.27 
  135.461	 TOPPING	   121 	   1.04 	   16.7 	      0 	   5.27 
  136.038	    ARR	   122 	   1.04 	   16.7 	      0 	   5.27 
  136.142	    ARR	   123 	   1.04 	   16.7 	      0 	   5.27 
  136.202	    ARR	   124 	   1.04 	   16.7 	      0 	   5.27 
  136.460	   COOK	   119 	   1.04 	   16.7 	      0 	   5.27 
  136.460	 TOPPING	   122 	   1.04 	   16.7 	      0 	   5.27 
  136.815	    ARR	   125 	   1.04 	   16.7 	      0 	   5.27 
  137.082	    ARR	   126 	   1.04 	   16.7 	      0 	   5.27 
  137.267	   COOK	   120 	   1.04 	   16.7 	      0 	   5.27 
  137.267	 TOPPING	   123 	   1.04 	   16.7 	      0 	   5.46 
  137.554	  READY	   115 	   1.04 	   16.7 	      0 	   5.46 
  137.664	    ARR	   127 	   1.04 	   16.7 	      0 	   5.46 
  138.328	   COOK	   121 	   1.04 	   16.7 	      0 	   5.46 
  138.328	 TOPPING	   124 	   1.04 	   16.7 	      0 	   6.12 
  138.515	  READY	   116 	   1.04 	   16.7 	      0 	   6.12 
  138.545	   COOK	   122 	   1.04 	   16.7 	      0 	   6.12 
  138.545	 TOPPING	   125 	   1.04 	   16.7 	      0 	   6.12 
  139.343	   COOK	   123 	   1.04 	   16.7 	      0 	   6.12 
  139.343	 TOPPING	   126 	   1.04 	   16.7 	      0 	   6.12 
  139.482	   COOK	   124 	   1.04 	   16.7 	      0 	   6.12 
  139.482	 TOPPING	   127 	   1.04 	   16.7 	      0 	   6.12 
  139.560	    ARR	   128 	   1.04 	   16.7 	      0 	   6.12 
  139.657	  READY	   117 	   1.04 	   16.7 	      0 	   6.12 
  140.083	   COOK	   125 	   1.04 	   16.7 	      0 	   6.12 
  140.083	 TOPPING	   128 	   1.04 	   16.7 	      0 	   6.12 
  140.084	  READY	   118 	   1.04 	   16.7 	      0 	   6.12 
  140.243	   COOK	   126 	   1.04 	   16.7 	      0 	   6.12 
  140.318	 DELIVER	   101 	   2.09 	   22.2 	      0 	   6.12 
  140.318	 FINISH	   102 	   2.09 	   22.2 	      0 	   6.12 
  140.822	 DELIVER	   102 	   1.75 	   21.7 	      0 	   6.12 
  140.822	 FINISH	   103 	   1.75 	   21.7 	      0 	   6.12 
  141.199	 DELIVER	   103 	  0.381 	   21.8 	      0 	   6.12 
  141.199	 FINISH	   104 	  0.381 	   21.8 	      0 	   6.12 
  141.537	   COOK	   127 	  0.381 	   21.8 	      0 	   6.12 
  141.820	  READY	   119 	  0.381 	   21.8 	      0 	   6.12 
  142.132	  READY	   120 	  0.381 	   21.8 	      0 	   6.12 
  142.149	  READY	   121 	  0.381 	   21.8 	      0 	   6.12 
  142.345	 DELIVER	   104 	  0.999 	   21.8 	      0 	   6.12 
  142.345	 FINISH	   105 	  0.999 	   21.8 	      0 	   6.12 
  142.736	  READY	   122 	  0.999 	   21.8 	      0 	   6.12 
  142.740	   COOK	   128 	  0.999 	   21.8 	      0 	   6.12 
  143.195	 DELIVER	   105 	  0.683 	   22.5 	      0 	   6.12 
  143.195	 FINISH	   106 	  0.683 	   22.5 	      0 	   6.12 
  143.596	    ARR	   129 	  0.683 	   22.5 	      0 	   6.12 
  143.596	 TOPPING	   129 	  0.683 	   22.5 	      0 	   6.12 
  143.794	  READY	   123 	  0.683 	   22.5 	      0 	   6.12 
  143.950	 DELIVER	   106 	   2.63 	     22 	      0 	   6.12 
  143.950	 FINISH	   107 	   2.63 	     22 	      0 	   6.12 
  144.184	  READY	   124 	   2.63 	     22 	      0 	   6.12 
  144.235	 DELIVER	   107 	  0.562 	   22.1 	      0 	   6.12 
  144.235	 FINISH	   108 	  0.562 	   22.1 	      0 	   6.12 
  144.365	  READY	   125 	  0.562 	   22.1 	      0 	   6.12 
  144.711	   COOK	   129 	  0.562 	   22.1 	      0 	   6.12 
  145.040	 DELIVER	   108 	   2.06 	     22 	      0 	   6.12 
  145.040	 FINISH	   109 	   2.06 	     22 	      0 	   6.12 
  145.091	  READY	   126 	   2.06 	     22 	      0 	   6.12 
  146.108	 DELIVER	   109 	   1.04 	   22.2 	      0 	   6.12 
  146.108	 FINISH	   110 	   1.04 	   22.2 	      0 	   6.12 
  146.478	  READY	   127 	   1.04 	   22.2 	      0 	   6.12 
  147.305	 DELIVER	   110 	   1.15 	   19.2 	      0 	   6.12 
  147.305	 FINISH	   111 	   1.15 	   19.2 	      0 	   6.12 
  148.052	 DELIVER	   111 	   2.17 	   19.7 	      0 	   6.12 
  148.052	 FINISH	   112 	   2.17 	   19.7 	      0 	   6.12 
  148.292	  READY	   128 	   2.17 	   19.7 	      0 	   6.12 
  149.797	  READY	   129 	   2.17 	   19.7 	      0 	   6.12 
  151.026	 DELIVER	   112 	  0.645 	   21.7 	      0 	   6.12 
  151.026	 FINISH	   113 	  0.645 	   21.7 	      0 	   6.12 
  151.100	 DELIVER	   113 	  0.878 	   21.7 	      0 	   6.12 
  151.100	 FINISH	   114 	  0.878 	   21.7 	      0 	   6.12 
  151.374	 DELIVER	   114 	   1.33 	   21.4 	      0 	   6.12 
  151.374	 FINISH	   115 	   1.33 	   21.4 	      0 	   6.12 
  151.425	    ARR	   130 	   1.33 	   21.4 	      0 	   6.12 
  151.425	 TOPPING	   130 	   1.33 	   21.4 	      0 	   6.12 
  152.403	   COOK	   130 	   1.33 	   21.4 	      0 	   6.12 
  152.795	    ARR	   131 	   1.33 	   21.4 	      0 	   6.12 
  152.795	 TOPPING	   131 	   1.33 	   21.4 	      0 	   6.12 
  153.343	   COOK	   131 	   1.33 	   21.4 	      0 	   6.12 
  153.452	 DELIVER	   115 	   1.73 	   22.2 	      0 	   6.12 
  153.452	 FINISH	   116 	   1.73 	   22.2 	      0 	   6.12 
  153.561	 DELIVER	   116 	    2.1 	   21.6 	      0 	   6.12 
  153.561	 FINISH	   117 	    2.1 	   21.6 	      0 	   6.12 
  155.746	  READY	   130 	    2.1 	   21.6 	      0 	   6.12 
  155.951	 DELIVER	   117 	   2.49 	   23.5 	      0 	   6.12 
  155.951	 FINISH	   118 	   2.49 	   23.5 	      0 	   6.12 
  157.182	    ARR	   132 	   2.49 	   23.5 	      0 	   6.12 
  157.182	 TOPPING	   132 	   2.49 	   23.5 	      0 	   6.12 
  158.197	 DELIVER	   118 	   2.12 	   23.9 	      0 	   6.12 
  158.197	 FINISH	   119 	   2.12 	   23.9 	      0 	   6.12 
  158.764	  READY	   131 	   2.12 	   23.9 	      0 	   6.12 
  159.277	 DELIVER	   119 	  0.734 	   24.9 	      0 	   6.12 
  159.277	 FINISH	   120 	  0.734 	   24.9 	      0 	   6.12 
  159.903	   COOK	   132 	  0.734 	   24.9 	      0 	   6.12 
  160.010	 DELIVER	   120 	   2.97 	   24.7 	      0 	   6.12 
  160.010	 FINISH	   121 	   2.97 	   24.7 	      0 	   6.12 
  161.784	    ARR	   133 	   2.97 	   24.7 	      0 	   6.12 
  161.784	 TOPPING	   133 	   2.97 	   24.7 	      0 	   6.12 
  162.018	 DELIVER	   121 	   1.81 	   26.6 	      0 	   6.12 
  162.018	 FINISH	   122 	   1.81 	   26.6 	      0 	   6.12 
  162.484	    ARR	   134 	   1.81 	   26.6 	      0 	   6.12 
  162.484	 TOPPING	   134 	   1.81 	   26.6 	      0 	   6.12 
  162.827	 DELIVER	   122 	   2.88 	   26.8 	      0 	   6.12 
  162.827	 FINISH	   123 	   2.88 	   26.8 	      0 	   6.12 
  163.210	   COOK	   133 	   2.88 	   26.8 	      0 	   6.12 
  164.151	  READY	   132 	   2.88 	   26.8 	      0 	   6.12 
  165.392	   COOK	   134 	   2.88 	   26.8 	      0 	   6.12 
  165.666	 DELIVER	   123 	   1.28 	   29.5 	      0 	   6.12 
  165.666	 FINISH	   124 	   1.28 	   29.5 	      0 	   6.12 
  166.713	    ARR	   135 	   1.28 	   29.5 	      0 	   6.12 
  166.713	 TOPPING	   135 	   1.28 	   29.5 	      0 	   6.12 
  166.905	 DELIVER	   124 	   1.76 	   30.7 	      0 	   6.12 
  166.905	 FINISH	   125 	   1.76 	   30.7 	      0 	   6.12 
  167.419	    ARR	   136 	   1.76 	   30.7 	      0 	   6.12 
  167.419	 TOPPING	   136 	   1.76 	   30.7 	      0 	   6.12 
  167.545	  READY	   133 	   1.76 	   30.7 	      0 	   6.12 
  169.077	  READY	   134 	   1.76 	   30.7 	      0 	   6.12 
  169.122	   COOK	   135 	   1.76 	   30.7 	      0 	   6.12 
  169.124	 DELIVER	   125 	  0.937 	   32.3 	      0 	   6.12 
  169.124	 FINISH	   126 	  0.937 	   32.3 	      0 	   6.12 
  169.779	   COOK	   136 	  0.937 	   32.3 	      0 	   6.12 
  170.455	    ARR	   137 	  0.937 	   32.3 	      0 	   6.12 
  170.455	 TOPPING	   137 	  0.937 	   32.3 	      0 	   6.12 
  170.644	 DELIVER	   126 	   2.19 	   33.6 	      0 	   6.12 
  170.644	 FINISH	   127 	   2.19 	   33.6 	      0 	   6.12 
  171.367	 DELIVER	   127 	  0.761 	   33.7 	      0 	   6.12 
  171.367	 FINISH	   128 	  0.761 	   33.7 	      0 	   6.12 
  171.908	 DELIVER	   128 	   2.66 	   32.3 	      0 	   6.12 
  171.908	 FINISH	   129 	   2.66 	   32.3 	      0 	   6.12 
  172.489	 DELIVER	   129 	   1.11 	   28.9 	      0 	   6.12 
  172.489	 FINISH	   130 	   1.11 	   28.9 	      0 	   6.12 
  172.618	 DELIVER	   130 	  0.978 	   21.2 	      0 	   6.12 
  172.618	 FINISH	   131 	  0.978 	   21.2 	      0 	   6.12 
  172.853	 DELIVER	   131 	  0.548 	   20.1 	      0 	   6.12 
  172.853	 FINISH	   132 	  0.548 	   20.1 	      0 	   6.12 
  172.864	  READY	   135 	  0.548 	   20.1 	      0 	   6.12 
  173.025	    ARR	   138 	  0.548 	   20.1 	      0 	   6.12 
  173.025	 TOPPING	   138 	  0.548 	   20.1 	      0 	   6.12 
  173.324	   COOK	   137 	  0.548 	   20.1 	      0 	   6.12 
  173.834	  READY	   136 	  0.548 	   20.1 	      0 	   6.12 
  175.140	 DELIVER	   132 	   2.72 	     18 	      0 	   6.12 
  175.140	 FINISH	   133 	   2.72 	     18 	      0 	   6.12 
  175.665	   COOK	   138 	   2.72 	     18 	      0 	   6.12 
  175.922	 DELIVER	   133 	   1.43 	   14.1 	      0 	   6.12 
  175.922	 FINISH	   134 	   1.43 	   14.1 	      0 	   6.12 
  175.978	 DELIVER	   134 	   2.91 	   13.5 	      0 	   6.12 
  175.978	 FINISH	   135 	   2.91 	   13.5 	      0 	   6.12 
  176.330	 DELIVER	   135 	   2.41 	   9.62 	      0 	   6.12 
  176.330	 FINISH	   136 	   2.41 	   9.62 	      0 	   6.12 
  176.349	    ARR	   139 	   2.41 	   9.62 	      0 	   6.12 
  176.349	 TOPPING	   139 	   2.41 	   9.62 	      0 	   6.12 
  176.877	 DELIVER	   136 	   2.36 	   9.46 	      0 	   6.12 
  177.634	   COOK	   139 	   2.36 	   9.46 	      0 	   6.12 
  177.963	  READY	   137 	   2.36 	   9.46 	      0 	   6.12 
  177.963	 FINISH	   137 	   2.36 	   9.46 	      0 	   6.12 
  178.214	 DELIVER	   137 	   2.87 	   7.76 	      0 	   6.12 
  179.737	  READY	   138 	   2.87 	   7.76 	      0 	   6.12 
  179.737	 FINISH	   138 	   2.87 	   7.76 	      0 	   6.12 
  179.860	    ARR	   140 	   2.87 	   7.76 	      0 	   6.12 
  179.860	 TOPPING	   140 	   2.87 	   7.76 	      0 	   6.12 
  179.880	 DELIVER	   138 	   2.64 	   6.85 	      0 	   6.12 
  180.000	   STOP	     1 	   2.64 	   6.85 	      0 	   6.12 
  180.827	   COOK	   140 	   2.64 	   6.85 	      0 	   6.12 
  182.740	  READY	   139 	   2.64 	   6.85 	      0 	   6.12 
  182.740	 FINISH	   139 	   2.64 	   6.85 	      0 	   6.12 
  183.138	 DELIVER	   139 	   1.29 	   6.79 	      0 	   6.12 
  185.219	  READY	   140 	   1.29 	   6.79 	      0 	   6.12 
  185.219	 FINISH	   140 	   1.29 	   6.79 	      0 	   6.12 
  185.662	 DELIVER	   140 	  0.967 	    5.8 	      0 	   6.12 
SUMMARY STATISTICS
SERVICE[ID[7]]:
 Time Ave. = 	  1.519 Time Sample Var. =	 0.6232
 Event Ave. =	  1.646 Event Sample Var. =	 0.6774
 Minimum =	0.09868
 Maximum =	  2.986
SYSTEM[ID[7]]:
 Time Ave. = 	  11.95 Time Sample Var. =	  60.23
 Event Ave. =	   13.3 Event Sample Var. =	  52.41
 Minimum =	0.09868
 Maximum =	  37.18
RATIO[0]:
 Time Ave. = 	      0 Time Sample Var. =	      0
 Event Ave. =	      0 Event Sample Var. =	      0
 Minimum =	      0
 Maximum =	      0
RATIO[3]:
 Time Ave. = 	   3.94 Time Sample Var. =	  7.234
 Event Ave. =	  3.199 Event Sample Var. =	  7.046
 Minimum =	      0
 Maximum =	  6.121
