Average sojourn time of customer:
AVG: 10.79513456837966
VAR: 4.9090425739367465
CI: [10.657643977252361, 10.93262515950696]

Percentage of customers spending more than 15 minutes in the system:
AVG: 0.17304349154190105
VAR: 0.0197546821788051
CI: [0.16432162165876124, 0.18176536142504085]

Percentage of time the initial queue is longer than 4:
AVG: 0.02291273060498637
VAR: 0.0010385711596199412
CI: [0.020912902308657357, 0.02491255890131538]

Percentage of time the initial queue is longer than 8:
AVG: 0.0028758800374706767
VAR: 0.00013975161122930819
CI: [0.0021422907314518347, 0.0036094693434895186]