Average sojourn time of customer:
AVG: 7.652958982227643
VAR: 0.19037932465667243
CI: [7.625882984383826, 7.6800349800714605]

Percentage of customers spending more than 15 minutes in the system:
AVG: 0.002264629297912649
VAR: 7.590014006719673e-05
CI: [0.0017240046168872187, 0.0028052539789380796]

Percentage of time the initial queue is longer than 4:
AVG: 0.023458207161531755
VAR: 0.0009455760417401464
CI: [0.021550011914223222, 0.025366402408840288]

Percentage of time the initial queue is longer than 8:
AVG: 0.0026365233397755167
VAR: 0.00010815140610743395
CI: [0.001991180248616606, 0.0032818664309344275]