Average sojourn time of customer:
AVG: 10.854567781674836
VAR: 5.102588158291066
CI: [10.791940507225014, 10.917195056124658]

Percentage of customers spending more than 15 minutes in the system:
AVG: 0.1807549637054166
VAR: 0.02080234076020245
CI: [0.1767562127557797, 0.1847537146550535]

Percentage of time the initial queue is longer than 4:
AVG: 0.023270523178686706
VAR: 0.0009580833017035105
CI: [0.022412359975614755, 0.024128686381758656]

Percentage of time the initial queue is longer than 8:
AVG: 0.002549227867484056
VAR: 0.00010962415972288378
CI: [0.002258945008441598, 0.0028395107265265142]