Average sojourn time of customer:
AVG: 9.13017764997336
VAR: 1.3194720157498065
CI: [9.05889650421937, 9.201458795727351]

Percentage of customers spending more than 15 minutes in the system:
AVG: 0.07654253243396561
VAR: 0.0075035655670950266
CI: [0.07116716172076065, 0.08191790314717057]

Percentage of time the initial queue is longer than 4:
AVG: 0.1912137887336249
VAR: 0.010231541583772128
CI: [0.18493689007829417, 0.19749068738895564]

Percentage of time the initial queue is longer than 8:
AVG: 0.07986768880390634
VAR: 0.0060467223489304375
CI: [0.07504227465228422, 0.08469310295552845]