Average sojourn time of customer:
AVG: 9.145013952133317
VAR: 1.407142833123511
CI: [9.112125961153566, 9.177901943113067]

Percentage of customers spending more than 15 minutes in the system:
AVG: 0.07788476549267807
VAR: 0.007810594518386414
CI: [0.07543451604895933, 0.08033501493639682]

Percentage of time the initial queue is longer than 4:
AVG: 0.19306136703873375
VAR: 0.010129389126763597
CI: [0.19027100933222166, 0.19585172474524584]

Percentage of time the initial queue is longer than 8:
AVG: 0.08062863108355792
VAR: 0.0062139850653302586
CI: [0.07844311827699185, 0.08281414389012398]