    Time	  Event	 Count	  SERVICE[ID[7]]	   SYSTEM[ID[7]]	        RATIO[0]	          RATIO[3] 
    0.000	   INIT	     1 	   1.96 	   5.22 	      0 	      0 
    0.053	    ARR	     1 	   1.96 	 0.0532 	      0 	      0 
    0.053	 TOPPING	     1 	 0.0532 	 0.0532 	      0 	      0 
    0.583	   COOK	     1 	   0.53 	 0.0532 	      0 	      0 
    1.756	    ARR	     2 	   0.53 	 0.0532 	      0 	      0 
    1.756	 TOPPING	     2 	   0.53 	 0.0532 	      0 	      0 
    2.005	    ARR	     3 	   0.53 	 0.0532 	      0 	      0 
    2.005	 TOPPING	     3 	   0.53 	 0.0532 	      0 	      0 
    3.545	   COOK	     2 	   0.53 	 0.0532 	      0 	      0 
    3.788	   COOK	     3 	   0.53 	 0.0532 	      0 	      0 
    5.043	    ARR	     4 	   0.53 	 0.0532 	      0 	      0 
    5.043	 TOPPING	     4 	   0.53 	 0.0532 	      0 	      0 
    5.513	    ARR	     5 	   0.53 	 0.0532 	      0 	      0 
    5.513	 TOPPING	     5 	   0.53 	 0.0532 	      0 	      0 
    5.940	  READY	     1 	   0.53 	 0.0532 	      0 	      0 
    5.940	 FINISH	     1 	   0.53 	 0.0532 	      0 	      0 
    6.083	 DELIVER	     1 	   0.53 	   6.03 	      0 	      0 
    6.684	   COOK	     4 	   0.53 	   6.03 	      0 	      0 
    6.837	   COOK	     5 	   0.53 	   6.03 	      0 	      0 
    8.077	  READY	     2 	   0.53 	   6.03 	      0 	      0 
    8.077	 FINISH	     2 	   0.53 	   6.03 	      0 	      0 
    8.405	 DELIVER	     2 	   1.78 	    6.4 	      0 	      0 
    8.950	    ARR	     6 	   1.78 	    6.4 	      0 	      0 
    8.950	 TOPPING	     6 	   1.78 	    6.4 	      0 	      0 
    8.960	  READY	     3 	   1.78 	    6.4 	      0 	      0 
    8.960	 FINISH	     3 	   1.78 	    6.4 	      0 	      0 
    9.509	   COOK	     6 	   1.78 	    6.4 	      0 	      0 
    9.991	  READY	     4 	   1.78 	    6.4 	      0 	      0 
    9.991	 FINISH	     4 	   1.78 	    6.4 	      0 	      0 
   10.111	 DELIVER	     3 	   1.17 	    4.6 	      0 	      0 
   10.732	 DELIVER	     4 	   1.79 	   8.98 	      0 	      0 
   10.816	    ARR	     7 	   1.79 	   8.98 	      0 	      0 
   10.816	 TOPPING	     7 	   1.79 	   8.98 	      0 	      0 
   11.509	   COOK	     7 	   1.79 	   8.98 	      0 	      0 
   12.327	  READY	     5 	   1.79 	   8.98 	      0 	      0 
   12.327	 FINISH	     5 	   1.79 	   8.98 	      0 	      0 
   13.378	  READY	     6 	   1.79 	   8.98 	      0 	      0 
   13.378	 FINISH	     6 	   1.79 	   8.98 	      0 	      0 
   13.895	    ARR	     8 	   1.79 	   8.98 	      0 	      0 
   13.895	 TOPPING	     8 	   1.79 	   8.98 	      0 	      0 
   14.659	 DELIVER	     5 	  0.559 	   5.71 	      0 	      0 
   14.689	 DELIVER	     6 	   1.79 	   9.65 	      0 	      0 
   15.374	  READY	     7 	   1.79 	   9.65 	      0 	      0 
   15.374	 FINISH	     7 	   1.79 	   9.65 	      0 	      0 
   15.647	   COOK	     8 	   1.79 	   9.65 	      0 	      0 
   16.129	    ARR	     9 	   1.79 	   9.65 	      0 	      0 
   16.129	 TOPPING	     9 	   1.79 	   9.65 	      0 	      0 
   17.149	 DELIVER	     7 	  0.692 	   6.33 	      0 	      0 
   17.996	   COOK	     9 	  0.692 	   6.33 	      0 	      0 
   19.796	    ARR	    10 	  0.692 	   6.33 	      0 	      0 
   19.796	 TOPPING	    10 	  0.692 	   6.33 	      0 	      0 
   20.344	  READY	     8 	  0.692 	   6.33 	      0 	      0 
   20.344	 FINISH	     8 	  0.692 	   6.33 	      0 	      0 
   20.663	 DELIVER	     8 	   1.75 	   6.77 	      0 	      0 
   20.835	   COOK	    10 	   1.75 	   6.77 	      0 	      0 
   21.811	  READY	     9 	   1.75 	   6.77 	      0 	      0 
   21.811	 FINISH	     9 	   1.75 	   6.77 	      0 	      0 
   21.942	 DELIVER	     9 	   1.87 	   5.81 	      0 	      0 
   24.411	    ARR	    11 	   1.87 	   5.81 	      0 	      0 
   24.411	 TOPPING	    11 	   1.87 	   5.81 	      0 	      0 
   26.629	  READY	    10 	   1.87 	   5.81 	      0 	      0 
   26.629	 FINISH	    10 	   1.87 	   5.81 	      0 	      0 
   26.890	   COOK	    11 	   1.87 	   5.81 	      0 	      0 
   27.446	    ARR	    12 	   1.87 	   5.81 	      0 	      0 
   27.446	 TOPPING	    12 	   1.87 	   5.81 	      0 	      0 
   28.296	   COOK	    12 	   1.87 	   5.81 	      0 	      0 
   28.595	 DELIVER	    10 	   1.04 	    8.8 	      0 	      0 
   30.481	  READY	    11 	   1.04 	    8.8 	      0 	      0 
   30.481	 FINISH	    11 	   1.04 	    8.8 	      0 	      0 
   30.717	 DELIVER	    11 	   2.48 	   6.31 	      0 	      0 
   30.779	    ARR	    13 	   2.48 	   6.31 	      0 	      0 
   30.779	 TOPPING	    13 	   2.48 	   6.31 	      0 	      0 
   30.881	    ARR	    14 	   2.48 	   6.31 	      0 	      0 
   30.881	 TOPPING	    14 	   2.48 	   6.31 	      0 	      0 
   31.951	   COOK	    13 	   2.48 	   6.31 	      0 	      0 
   32.177	  READY	    12 	   2.48 	   6.31 	      0 	      0 
   32.177	 FINISH	    12 	   2.48 	   6.31 	      0 	      0 
   32.217	   COOK	    14 	   2.48 	   6.31 	      0 	      0 
   32.884	 DELIVER	    12 	   0.85 	   5.44 	      0 	      0 
   34.823	    ARR	    15 	   0.85 	   5.44 	      0 	      0 
   34.823	 TOPPING	    15 	   0.85 	   5.44 	      0 	      0 
   35.663	  READY	    13 	   0.85 	   5.44 	      0 	      0 
   35.663	 FINISH	    13 	   0.85 	   5.44 	      0 	      0 
   35.824	  READY	    14 	   0.85 	   5.44 	      0 	      0 
   35.824	 FINISH	    14 	   0.85 	   5.44 	      0 	      0 
   35.882	   COOK	    15 	   0.85 	   5.44 	      0 	      0 
   36.925	 DELIVER	    13 	   1.07 	   6.04 	      0 	      0 
   37.096	 DELIVER	    14 	   1.44 	   6.32 	      0 	      0 
   38.322	    ARR	    16 	   1.44 	   6.32 	      0 	      0 
   38.322	 TOPPING	    16 	   1.44 	   6.32 	      0 	      0 
   40.823	  READY	    15 	   1.44 	   6.32 	      0 	      0 
   40.823	 FINISH	    15 	   1.44 	   6.32 	      0 	      0 
   41.136	 DELIVER	    15 	   1.06 	   6.31 	      0 	      0 
   41.178	    ARR	    17 	   1.06 	   6.31 	      0 	      0 
   41.178	 TOPPING	    17 	   1.06 	   6.31 	      0 	      0 
   41.259	   COOK	    16 	   1.06 	   6.31 	      0 	      0 
   43.809	   COOK	    17 	   1.06 	   6.31 	      0 	      0 
   44.194	    ARR	    18 	   1.06 	   6.31 	      0 	      0 
   44.194	 TOPPING	    18 	   1.06 	   6.31 	      0 	      0 
   44.890	   COOK	    18 	   1.06 	   6.31 	      0 	      0 
   46.483	  READY	    16 	   1.06 	   6.31 	      0 	      0 
   46.483	 FINISH	    16 	   1.06 	   6.31 	      0 	      0 
   47.218	 DELIVER	    16 	   2.94 	    8.9 	      0 	      0 
   47.903	  READY	    17 	   2.94 	    8.9 	      0 	      0 
   47.903	 FINISH	    17 	   2.94 	    8.9 	      0 	      0 
   49.053	 DELIVER	    17 	   2.63 	   7.87 	      0 	      0 
   50.695	    ARR	    19 	   2.63 	   7.87 	      0 	      0 
   50.695	 TOPPING	    19 	   2.63 	   7.87 	      0 	      0 
   50.780	  READY	    18 	   2.63 	   7.87 	      0 	      0 
   50.780	 FINISH	    18 	   2.63 	   7.87 	      0 	      0 
   51.082	 DELIVER	    18 	  0.696 	   6.89 	      0 	      0 
   51.269	    ARR	    20 	  0.696 	   6.89 	      0 	      0 
   51.269	 TOPPING	    20 	  0.696 	   6.89 	      0 	      0 
   53.104	   COOK	    19 	  0.696 	   6.89 	      0 	      0 
   53.152	    ARR	    21 	  0.696 	   6.89 	      0 	      0 
   53.152	 TOPPING	    21 	  0.696 	   6.89 	      0 	      0 
   53.609	   COOK	    20 	  0.696 	   6.89 	      0 	      0 
   53.651	    ARR	    22 	  0.696 	   6.89 	      0 	      0 
   53.651	 TOPPING	    22 	  0.696 	   6.89 	      0 	      0 
   53.659	   COOK	    21 	  0.696 	   6.89 	      0 	      0 
   54.321	    ARR	    23 	  0.696 	   6.89 	      0 	      0 
   54.321	 TOPPING	    23 	  0.696 	   6.89 	      0 	      0 
   54.383	    ARR	    24 	  0.696 	   6.89 	      0 	      0 
   54.743	   COOK	    22 	  0.696 	   6.89 	      0 	      0 
   54.743	 TOPPING	    24 	  0.696 	   6.89 	      0 	      0 
   55.272	    ARR	    25 	  0.696 	   6.89 	      0 	      0 
   55.589	   COOK	    23 	  0.696 	   6.89 	      0 	      0 
   55.589	 TOPPING	    25 	  0.696 	   6.89 	      0 	      0 
   56.654	  READY	    19 	  0.696 	   6.89 	      0 	      0 
   56.654	 FINISH	    19 	  0.696 	   6.89 	      0 	      0 
   56.699	   COOK	    24 	  0.696 	   6.89 	      0 	      0 
   57.086	 DELIVER	    19 	  0.457 	   3.93 	      0 	      0 
   57.466	   COOK	    25 	  0.457 	   3.93 	      0 	      0 
   57.854	    ARR	    26 	  0.457 	   3.93 	      0 	      0 
   57.854	 TOPPING	    26 	  0.457 	   3.93 	      0 	      0 
   57.865	    ARR	    27 	  0.457 	   3.93 	      0 	      0 
   57.865	 TOPPING	    27 	  0.457 	   3.93 	      0 	      0 
   58.286	    ARR	    28 	  0.457 	   3.93 	      0 	      0 
   58.421	  READY	    20 	  0.457 	   3.93 	      0 	      0 
   58.421	 FINISH	    20 	  0.457 	   3.93 	      0 	      0 
   58.442	   COOK	    26 	  0.457 	   3.93 	      0 	      0 
   58.442	 TOPPING	    28 	  0.457 	   3.93 	      0 	      0 
   58.651	  READY	    21 	  0.457 	   3.93 	      0 	      0 
   58.651	 FINISH	    21 	  0.457 	   3.93 	      0 	      0 
   58.896	    ARR	    29 	  0.457 	   3.93 	      0 	      0 
   58.987	 DELIVER	    20 	   1.84 	   7.72 	      0 	      0 
   59.089	    ARR	    30 	   1.84 	   7.72 	      0 	      0 
   59.107	 DELIVER	    21 	   2.96 	   8.41 	      0 	      0 
   59.412	  READY	    22 	   2.96 	   8.41 	      0 	      0 
   59.412	 FINISH	    22 	   2.96 	   8.41 	      0 	      0 
   59.622	  READY	    23 	   2.96 	   8.41 	      0 	      0 
   59.622	 FINISH	    23 	   2.96 	   8.41 	      0 	      0 
   59.967	   COOK	    27 	   2.96 	   8.41 	      0 	      0 
   59.967	 TOPPING	    29 	   2.96 	   8.41 	      0 	      0 
   60.062	  READY	    24 	   2.96 	   8.41 	      0 	      0 
   60.496	 DELIVER	    22 	   1.09 	   6.84 	      0 	      0 
   60.496	 FINISH	    24 	   1.09 	   6.84 	      0 	      0 
   60.770	   COOK	    28 	   1.09 	   6.84 	      0 	      0 
   60.770	 TOPPING	    30 	   1.09 	   6.84 	      0 	      0 
   60.894	 DELIVER	    23 	   1.96 	   6.51 	      0 	      0 
   60.950	 DELIVER	    24 	   1.27 	   6.63 	      0 	      0 
   60.967	    ARR	    31 	   1.27 	   6.63 	      0 	      0 
   60.973	    ARR	    32 	   1.27 	   6.63 	      0 	      0 
   61.143	    ARR	    33 	   1.27 	   6.63 	      0 	      0 
   61.631	    ARR	    34 	   1.27 	   6.63 	      0 	      0 
   61.903	  READY	    25 	   1.27 	   6.63 	      0 	      0 
   61.903	 FINISH	    25 	   1.27 	   6.63 	      0 	      0 
   62.059	 DELIVER	    25 	   1.88 	   6.79 	      0 	      0 
   62.246	    ARR	    35 	   1.88 	   6.79 	      0 	      0 
   62.509	   COOK	    29 	   1.88 	   6.79 	      0 	      0 
   62.509	 TOPPING	    31 	   1.88 	   6.79 	      0 	      0 
   62.561	    ARR	    36 	   1.88 	   6.79 	      0 	      0 
   62.664	    ARR	    37 	   1.88 	   6.79 	      0 	      0 
   62.910	    ARR	    38 	   1.88 	   6.79 	      0 	      0 
   63.280	   COOK	    30 	   1.88 	   6.79 	      0 	      0 
   63.280	 TOPPING	    32 	   1.88 	   6.79 	      0 	      0 
   63.682	  READY	    26 	   1.88 	   6.79 	      0 	      0 
   63.682	 FINISH	    26 	   1.88 	   6.79 	      0 	      0 
   64.287	 DELIVER	    26 	  0.588 	   6.43 	      0 	      0 
   64.304	  READY	    27 	  0.588 	   6.43 	      0 	      0 
   64.304	 FINISH	    27 	  0.588 	   6.43 	      0 	      0 
   64.313	 DELIVER	    27 	   1.52 	   6.03 	      0 	      0 
   65.194	   COOK	    31 	   1.52 	   6.03 	      0 	      0 
   65.194	 TOPPING	    33 	   1.52 	   6.03 	      0 	      0 
   65.647	   COOK	    32 	   1.52 	   6.03 	      0 	      0 
   65.647	 TOPPING	    34 	   1.52 	   6.03 	      0 	      0 
   65.975	    ARR	    39 	   1.52 	   6.03 	      0 	      0 
   66.184	  READY	    28 	   1.52 	   6.03 	      0 	      0 
   66.184	 FINISH	    28 	   1.52 	   6.03 	      0 	      0 
   66.576	  READY	    29 	   1.52 	   6.03 	      0 	      0 
   66.576	 FINISH	    29 	   1.52 	   6.03 	      0 	      0 
   66.681	 DELIVER	    28 	    2.9 	   8.82 	      0 	      0 
   66.703	 DELIVER	    29 	   2.54 	   7.81 	      0 	      0 
   66.818	  READY	    30 	   2.54 	   7.81 	      0 	      0 
   66.818	 FINISH	    30 	   2.54 	   7.81 	      0 	      0 
   67.261	    ARR	    40 	   2.54 	   7.81 	      0 	      0 
   67.508	 DELIVER	    30 	   2.51 	   8.42 	      0 	      0 
   67.527	   COOK	    33 	   2.51 	   8.42 	      0 	      0 
   67.527	 TOPPING	    35 	   2.51 	   8.42 	      0 	      0 
   68.103	   COOK	    34 	   2.51 	   8.42 	      0 	      0 
   68.103	 TOPPING	    36 	   2.51 	   8.42 	      0 	      0 
   69.359	  READY	    31 	   2.51 	   8.42 	      0 	      0 
   69.359	 FINISH	    31 	   2.51 	   8.42 	      0 	      0 
   69.468	   COOK	    35 	   2.51 	   8.42 	      0 	      0 
   69.468	 TOPPING	    37 	   2.51 	   8.42 	      0 	   7.84 
   70.011	  READY	    32 	   2.51 	   8.42 	      0 	   7.84 
   70.011	 FINISH	    32 	   2.51 	   8.42 	      0 	   7.84 
   70.206	 DELIVER	    31 	   2.37 	   9.23 	      0 	   7.84 
   70.660	    ARR	    41 	   2.37 	   9.23 	      0 	   7.84 
   70.820	  READY	    33 	   2.37 	   9.23 	      0 	   7.84 
   70.820	 FINISH	    33 	   2.37 	   9.23 	      0 	   7.84 
   71.018	   COOK	    36 	   2.37 	   9.23 	      0 	   7.84 
   71.018	 TOPPING	    38 	   2.37 	   9.23 	      0 	    8.2 
   71.178	    ARR	    42 	   2.37 	   9.23 	      0 	    8.2 
   71.196	  READY	    34 	   2.37 	   9.23 	      0 	    8.2 
   71.430	   COOK	    37 	   2.37 	   9.23 	      0 	    8.2 
   71.430	 TOPPING	    39 	   2.37 	   9.23 	      0 	   8.45 
   71.566	 DELIVER	    32 	   2.33 	   10.4 	      0 	   8.45 
   71.566	 FINISH	    34 	   2.33 	   10.4 	      0 	   8.45 
   71.774	    ARR	    43 	   2.33 	   10.4 	      0 	   8.45 
   72.106	   COOK	    38 	   2.33 	   10.4 	      0 	   8.45 
   72.106	 TOPPING	    40 	   2.33 	   10.4 	      0 	   8.78 
   72.184	 DELIVER	    33 	   2.68 	   11.2 	      0 	   8.78 
   72.661	   COOK	    39 	   2.68 	   11.2 	      0 	   8.78 
   72.661	 TOPPING	    41 	   2.68 	   11.2 	      0 	   8.78 
   72.718	  READY	    35 	   2.68 	   11.2 	      0 	   8.78 
   72.718	 FINISH	    35 	   2.68 	   11.2 	      0 	   8.78 
   73.281	 DELIVER	    34 	   1.94 	     11 	      0 	   8.78 
   73.812	    ARR	    44 	   1.94 	     11 	      0 	   8.78 
   73.931	    ARR	    45 	   1.94 	     11 	      0 	   8.78 
   74.217	  READY	    36 	   1.94 	     11 	      0 	   8.78 
   74.217	 FINISH	    36 	   1.94 	     11 	      0 	   8.78 
   74.547	  READY	    37 	   1.94 	     11 	      0 	   8.78 
   74.644	 DELIVER	    35 	   2.91 	   12.1 	      0 	   8.78 
   74.644	 FINISH	    37 	   2.91 	   12.1 	      0 	   8.78 
   74.846	    ARR	    46 	   2.91 	   12.1 	      0 	   8.78 
   75.093	   COOK	    40 	   2.91 	   12.1 	      0 	   8.78 
   75.093	 TOPPING	    42 	   2.91 	   12.1 	      0 	   8.78 
   75.131	 DELIVER	    36 	  0.412 	   12.2 	      0 	   8.78 
   75.144	   COOK	    41 	  0.412 	   12.2 	      0 	   8.78 
   75.144	 TOPPING	    43 	  0.412 	   12.2 	      0 	   9.99 
   75.732	  READY	    38 	  0.412 	   12.2 	      0 	   9.99 
   75.732	 FINISH	    38 	  0.412 	   12.2 	      0 	   9.99 
   76.069	    ARR	    47 	  0.412 	   12.2 	      0 	   9.99 
   76.368	   COOK	    42 	  0.412 	   12.2 	      0 	   9.99 
   76.368	 TOPPING	    44 	  0.412 	   12.2 	      0 	   10.3 
   76.772	 DELIVER	    37 	   2.64 	   14.1 	      0 	   10.3 
   77.273	  READY	    39 	   2.64 	   14.1 	      0 	   10.3 
   77.273	 FINISH	    39 	   2.64 	   14.1 	      0 	   10.3 
   77.275	   COOK	    43 	   2.64 	   14.1 	      0 	   10.3 
   77.275	 TOPPING	    45 	   2.64 	   14.1 	      0 	   10.3 
   77.632	 DELIVER	    38 	   2.46 	     16 	      0 	   10.3 
   77.847	 DELIVER	    39 	   1.23 	   11.9 	      0 	   10.3 
   78.180	    ARR	    48 	   1.23 	   11.9 	      0 	   10.3 
   78.781	  READY	    40 	   1.23 	   11.9 	      0 	   10.3 
   78.781	 FINISH	    40 	   1.23 	   11.9 	      0 	   10.3 
   79.070	    ARR	    49 	   1.23 	   11.9 	      0 	   10.3 
   79.168	   COOK	    44 	   1.23 	   11.9 	      0 	   10.3 
   79.168	 TOPPING	    46 	   1.23 	   11.9 	      0 	   10.4 
   79.444	    ARR	    50 	   1.23 	   11.9 	      0 	   10.4 
   79.640	  READY	    41 	   1.23 	   11.9 	      0 	   10.4 
   79.640	 FINISH	    41 	   1.23 	   11.9 	      0 	   10.4 
   79.843	 DELIVER	    40 	   2.99 	   12.6 	      0 	   10.4 
   79.856	   COOK	    45 	   2.99 	   12.6 	      0 	   10.4 
   79.856	 TOPPING	    47 	   2.99 	   12.6 	      0 	   10.8 
   80.045	    ARR	    51 	   2.99 	   12.6 	      0 	   10.8 
   80.511	 DELIVER	    41 	   1.27 	   9.33 	      0 	   10.8 
   80.566	   COOK	    46 	   1.27 	   9.33 	      0 	   10.8 
   80.566	 TOPPING	    48 	   1.27 	   9.33 	      0 	   11.3 
   80.790	  READY	    42 	   1.27 	   9.33 	      0 	   11.3 
   80.790	 FINISH	    42 	   1.27 	   9.33 	      0 	   11.3 
   81.020	   COOK	    47 	   1.27 	   9.33 	      0 	   11.3 
   81.020	 TOPPING	    49 	   1.27 	   9.33 	      0 	   11.3 
   81.642	   COOK	    48 	   1.27 	   9.33 	      0 	   11.3 
   81.642	 TOPPING	    50 	   1.27 	   9.33 	      0 	   11.3 
   82.469	  READY	    43 	   1.27 	   9.33 	      0 	   11.3 
   82.469	 FINISH	    43 	   1.27 	   9.33 	      0 	   11.3 
   82.770	  READY	    44 	   1.27 	   9.33 	      0 	   11.3 
   82.939	    ARR	    52 	   1.27 	   9.33 	      0 	   11.3 
   82.965	 DELIVER	    42 	   2.48 	   12.3 	      0 	   11.3 
   82.965	 FINISH	    44 	   2.48 	   12.3 	      0 	   11.3 
   83.108	   COOK	    49 	   2.48 	   12.3 	      0 	   11.3 
   83.108	 TOPPING	    51 	   2.48 	   12.3 	      0 	   11.3 
   83.205	    ARR	    53 	   2.48 	   12.3 	      0 	   11.3 
   83.371	    ARR	    54 	   2.48 	   12.3 	      0 	   11.3 
   83.882	 DELIVER	    43 	   2.13 	   12.1 	      0 	   11.3 
   83.912	   COOK	    50 	   2.13 	   12.1 	      0 	   11.3 
   83.912	 TOPPING	    52 	   2.13 	   12.1 	      0 	   11.3 
   83.975	  READY	    45 	   2.13 	   12.1 	      0 	   11.3 
   83.975	 FINISH	    45 	   2.13 	   12.1 	      0 	   11.3 
   84.520	    ARR	    55 	   2.13 	   12.1 	      0 	   11.3 
   84.637	   COOK	    51 	   2.13 	   12.1 	      0 	   11.3 
   84.637	 TOPPING	    53 	   2.13 	   12.1 	      0 	   11.3 
   84.756	  READY	    46 	   2.13 	   12.1 	      0 	   11.3 
   84.762	   COOK	    52 	   2.13 	   12.1 	      0 	   11.3 
   84.762	 TOPPING	    54 	   2.13 	   12.1 	      0 	   11.3 
   84.885	 DELIVER	    44 	    2.8 	   11.1 	      0 	   11.3 
   84.885	 FINISH	    46 	    2.8 	   11.1 	      0 	   11.3 
   85.352	 DELIVER	    45 	  0.454 	   7.17 	      0 	   11.3 
   85.403	   COOK	    53 	  0.454 	   7.17 	      0 	   11.3 
   85.403	 TOPPING	    55 	  0.454 	   7.17 	      0 	   11.3 
   85.490	    ARR	    56 	  0.454 	   7.17 	      0 	   11.3 
   85.611	  READY	    47 	  0.454 	   7.17 	      0 	   11.3 
   85.611	 FINISH	    47 	  0.454 	   7.17 	      0 	   11.3 
   86.076	  READY	    48 	  0.454 	   7.17 	      0 	   11.3 
   86.097	   COOK	    54 	  0.454 	   7.17 	      0 	   11.3 
   86.097	 TOPPING	    56 	  0.454 	   7.17 	      0 	   11.3 
   86.286	 DELIVER	    46 	   2.58 	   12.4 	      0 	   11.3 
   86.286	 FINISH	    48 	   2.58 	   12.4 	      0 	   11.3 
   86.355	 DELIVER	    47 	   0.71 	   10.3 	      0 	   11.3 
   86.457	 DELIVER	    48 	   2.47 	   11.6 	      0 	   11.3 
   87.348	  READY	    49 	   2.47 	   11.6 	      0 	   11.3 
   87.348	 FINISH	    49 	   2.47 	   11.6 	      0 	   11.3 
   88.113	  READY	    50 	   2.47 	   11.6 	      0 	   11.3 
   88.113	 FINISH	    50 	   2.47 	   11.6 	      0 	   11.3 
   88.302	 DELIVER	    49 	  0.803 	   8.26 	      0 	   11.3 
   88.384	   COOK	    55 	  0.803 	   8.26 	      0 	   11.3 
   88.464	    ARR	    57 	  0.803 	   8.26 	      0 	   11.3 
   88.464	 TOPPING	    57 	  0.803 	   8.26 	      0 	   11.3 
   88.778	   COOK	    56 	  0.803 	   8.26 	      0 	   11.3 
   88.934	  READY	    51 	  0.803 	   8.26 	      0 	   11.3 
   88.934	 FINISH	    51 	  0.803 	   8.26 	      0 	   11.3 
   89.124	 DELIVER	    50 	      3 	   9.68 	      0 	   11.3 
   89.185	  READY	    52 	      3 	   9.68 	      0 	   11.3 
   89.185	 FINISH	    52 	      3 	   9.68 	      0 	   11.3 
   89.318	  READY	    53 	      3 	   9.68 	      0 	   11.3 
   89.649	 DELIVER	    51 	   2.09 	   10.6 	      0 	   11.3 
   89.649	 FINISH	    53 	   2.09 	   10.6 	      0 	   11.3 
   89.686	 DELIVER	    52 	  0.766 	   6.48 	      0 	   11.3 
   89.720	    ARR	    58 	  0.766 	   6.48 	      0 	   11.3 
   89.720	 TOPPING	    58 	  0.766 	   6.48 	      0 	   11.3 
   90.407	  READY	    54 	  0.766 	   6.48 	      0 	   11.3 
   90.407	 FINISH	    54 	  0.766 	   6.48 	      0 	   11.3 
   90.551	   COOK	    57 	  0.766 	   6.48 	      0 	   11.3 
   90.936	 DELIVER	    53 	   0.85 	      8 	      0 	   11.3 
   91.437	    ARR	    59 	   0.85 	      8 	      0 	   11.3 
   91.437	 TOPPING	    59 	   0.85 	      8 	      0 	   11.3 
   91.637	 DELIVER	    54 	   1.34 	   8.27 	      0 	   11.3 
   92.247	   COOK	    58 	   1.34 	   8.27 	      0 	   11.3 
   92.919	  READY	    55 	   1.34 	   8.27 	      0 	   11.3 
   92.919	 FINISH	    55 	   1.34 	   8.27 	      0 	   11.3 
   93.261	  READY	    56 	   1.34 	   8.27 	      0 	   11.3 
   93.261	 FINISH	    56 	   1.34 	   8.27 	      0 	   11.3 
   93.346	 DELIVER	    55 	   2.68 	   7.86 	      0 	   11.3 
   93.430	 DELIVER	    56 	   2.98 	   8.91 	      0 	   11.3 
   93.705	   COOK	    59 	   2.98 	   8.91 	      0 	   11.3 
   93.970	  READY	    57 	   2.98 	   8.91 	      0 	   11.3 
   93.970	 FINISH	    57 	   2.98 	   8.91 	      0 	   11.3 
   94.038	 DELIVER	    57 	   2.09 	   5.57 	      0 	   11.3 
   94.859	    ARR	    60 	   2.09 	   5.57 	      0 	   11.3 
   94.859	 TOPPING	    60 	   2.09 	   5.57 	      0 	   11.3 
   96.046	   COOK	    60 	   2.09 	   5.57 	      0 	   11.3 
   96.851	    ARR	    61 	   2.09 	   5.57 	      0 	   11.3 
   96.851	 TOPPING	    61 	   2.09 	   5.57 	      0 	   11.3 
   97.258	  READY	    58 	   2.09 	   5.57 	      0 	   11.3 
   97.258	 FINISH	    58 	   2.09 	   5.57 	      0 	   11.3 
   97.440	 DELIVER	    58 	   2.53 	   7.72 	      0 	   11.3 
   98.109	  READY	    59 	   2.53 	   7.72 	      0 	   11.3 
   98.109	 FINISH	    59 	   2.53 	   7.72 	      0 	   11.3 
   98.204	   COOK	    61 	   2.53 	   7.72 	      0 	   11.3 
   98.530	 DELIVER	    59 	   2.27 	   7.09 	      0 	   11.3 
  100.211	    ARR	    62 	   2.27 	   7.09 	      0 	   11.3 
  100.211	 TOPPING	    62 	   2.27 	   7.09 	      0 	   11.3 
  100.495	    ARR	    63 	   2.27 	   7.09 	      0 	   11.3 
  100.495	 TOPPING	    63 	   2.27 	   7.09 	      0 	   11.3 
  100.670	  READY	    60 	   2.27 	   7.09 	      0 	   11.3 
  100.670	 FINISH	    60 	   2.27 	   7.09 	      0 	   11.3 
  100.776	    ARR	    64 	   2.27 	   7.09 	      0 	   11.3 
  100.800	 DELIVER	    60 	   1.19 	   5.94 	      0 	   11.3 
  101.418	  READY	    61 	   1.19 	   5.94 	      0 	   11.3 
  101.418	 FINISH	    61 	   1.19 	   5.94 	      0 	   11.3 
  102.159	   COOK	    62 	   1.19 	   5.94 	      0 	   11.3 
  102.159	 TOPPING	    64 	   1.19 	   5.94 	      0 	   11.3 
  102.362	 DELIVER	    61 	   1.35 	   5.51 	      0 	   11.3 
  102.647	   COOK	    63 	   1.35 	   5.51 	      0 	   11.3 
  103.991	   COOK	    64 	   1.35 	   5.51 	      0 	   11.3 
  106.445	  READY	    62 	   1.35 	   5.51 	      0 	   11.3 
  106.445	 FINISH	    62 	   1.35 	   5.51 	      0 	   11.3 
  106.581	    ARR	    65 	   1.35 	   5.51 	      0 	   11.3 
  106.581	 TOPPING	    65 	   1.35 	   5.51 	      0 	   11.3 
  107.101	  READY	    63 	   1.35 	   5.51 	      0 	   11.3 
  107.101	 FINISH	    63 	   1.35 	   5.51 	      0 	   11.3 
  107.501	    ARR	    66 	   1.35 	   5.51 	      0 	   11.3 
  107.501	 TOPPING	    66 	   1.35 	   5.51 	      0 	   11.3 
  107.962	 DELIVER	    62 	   2.44 	   7.75 	      0 	   11.3 
  108.719	   COOK	    65 	   2.44 	   7.75 	      0 	   11.3 
  109.020	   COOK	    66 	   2.44 	   7.75 	      0 	   11.3 
  109.170	  READY	    64 	   2.44 	   7.75 	      0 	   11.3 
  109.170	 FINISH	    64 	   2.44 	   7.75 	      0 	   11.3 
  109.315	 DELIVER	    63 	   1.66 	   8.82 	      0 	   11.3 
  109.424	 DELIVER	    64 	   1.83 	   8.65 	      0 	   11.3 
  110.050	    ARR	    67 	   1.83 	   8.65 	      0 	   11.3 
  110.050	 TOPPING	    67 	   1.83 	   8.65 	      0 	   11.3 
  110.698	    ARR	    68 	   1.83 	   8.65 	      0 	   11.3 
  110.698	 TOPPING	    68 	   1.83 	   8.65 	      0 	   11.3 
  110.968	    ARR	    69 	   1.83 	   8.65 	      0 	   11.3 
  111.851	    ARR	    70 	   1.83 	   8.65 	      0 	   11.3 
  112.303	    ARR	    71 	   1.83 	   8.65 	      0 	   11.3 
  112.418	   COOK	    67 	   1.83 	   8.65 	      0 	   11.3 
  112.418	 TOPPING	    69 	   1.83 	   8.65 	      0 	   11.3 
  112.488	   COOK	    68 	   1.83 	   8.65 	      0 	   11.3 
  112.488	 TOPPING	    70 	   1.83 	   8.65 	      0 	   11.3 
  112.759	    ARR	    72 	   1.83 	   8.65 	      0 	   11.3 
  112.939	   COOK	    69 	   1.83 	   8.65 	      0 	   11.3 
  112.939	 TOPPING	    71 	   1.83 	   8.65 	      0 	   11.3 
  112.976	  READY	    65 	   1.83 	   8.65 	      0 	   11.3 
  112.976	 FINISH	    65 	   1.83 	   8.65 	      0 	   11.3 
  113.404	    ARR	    73 	   1.83 	   8.65 	      0 	   11.3 
  113.728	    ARR	    74 	   1.83 	   8.65 	      0 	   11.3 
  113.893	    ARR	    75 	   1.83 	   8.65 	      0 	   11.3 
  114.090	   COOK	    70 	   1.83 	   8.65 	      0 	   11.3 
  114.090	 TOPPING	    72 	   1.83 	   8.65 	      0 	   11.5 
  114.171	    ARR	    76 	   1.83 	   8.65 	      0 	   11.5 
  114.897	  READY	    66 	   1.83 	   8.65 	      0 	   11.5 
  114.897	 FINISH	    66 	   1.83 	   8.65 	      0 	   11.5 
  114.897	   COOK	    71 	   1.83 	   8.65 	      0 	   11.5 
  114.897	 TOPPING	    73 	   1.83 	   8.65 	      0 	   12.2 
  114.913	 DELIVER	    65 	   2.14 	   8.33 	      0 	   12.2 
  116.006	   COOK	    72 	   2.14 	   8.33 	      0 	   12.2 
  116.006	 TOPPING	    74 	   2.14 	   8.33 	      0 	   12.2 
  116.417	 DELIVER	    66 	   1.52 	   8.92 	      0 	   12.2 
  116.705	    ARR	    77 	   1.52 	   8.92 	      0 	   12.2 
  116.727	  READY	    67 	   1.52 	   8.92 	      0 	   12.2 
  116.727	 FINISH	    67 	   1.52 	   8.92 	      0 	   12.2 
  117.186	 DELIVER	    67 	   2.37 	   7.14 	      0 	   12.2 
  117.220	  READY	    68 	   2.37 	   7.14 	      0 	   12.2 
  117.220	 FINISH	    68 	   2.37 	   7.14 	      0 	   12.2 
  117.256	    ARR	    78 	   2.37 	   7.14 	      0 	   12.2 
  117.629	    ARR	    79 	   2.37 	   7.14 	      0 	   12.2 
  117.697	    ARR	    80 	   2.37 	   7.14 	      0 	   12.2 
  117.881	    ARR	    81 	   2.37 	   7.14 	      0 	   12.2 
  117.884	   COOK	    73 	   2.37 	   7.14 	      0 	   12.2 
  117.884	 TOPPING	    75 	   2.37 	   7.14 	      0 	   12.2 
  118.091	  READY	    69 	   2.37 	   7.14 	      0 	   12.2 
  118.091	 FINISH	    69 	   2.37 	   7.14 	      0 	   12.2 
  118.548	    ARR	    82 	   2.37 	   7.14 	      0 	   12.2 
  118.580	   COOK	    74 	   2.37 	   7.14 	      0 	   12.2 
  118.580	 TOPPING	    76 	   2.37 	   7.14 	      0 	   12.2 
  118.706	  READY	    70 	   2.37 	   7.14 	      0 	   12.2 
  119.769	  READY	    71 	   2.37 	   7.14 	      0 	   12.2 
  119.897	   COOK	    75 	   2.37 	   7.14 	      0 	   12.2 
  119.897	 TOPPING	    77 	   2.37 	   7.14 	      0 	   12.2 
  119.949	 DELIVER	    68 	  0.521 	   8.98 	      0 	   12.2 
  119.949	 FINISH	    70 	  0.521 	   8.98 	      0 	   12.2 
  119.987	    ARR	    83 	  0.521 	   8.98 	      0 	   12.2 
  119.988	 DELIVER	    69 	   1.79 	   9.29 	      0 	   12.2 
  119.988	 FINISH	    71 	   1.79 	   9.29 	      0 	   12.2 
  120.468	 DELIVER	    70 	   1.96 	   8.16 	      0 	   12.2 
  120.508	    ARR	    84 	   1.96 	   8.16 	      0 	   12.2 
  120.685	   COOK	    76 	   1.96 	   8.16 	      0 	   12.2 
  120.685	 TOPPING	    78 	   1.96 	   8.16 	      0 	   12.2 
  120.774	    ARR	    85 	   1.96 	   8.16 	      0 	   12.2 
  121.039	    ARR	    86 	   1.96 	   8.16 	      0 	   12.2 
  121.152	    ARR	    87 	   1.96 	   8.16 	      0 	   12.2 
  121.291	   COOK	    77 	   1.96 	   8.16 	      0 	   12.2 
  121.291	 TOPPING	    79 	   1.96 	   8.16 	      0 	   12.2 
  121.424	  READY	    72 	   1.96 	   8.16 	      0 	   12.2 
  121.424	 FINISH	    72 	   1.96 	   8.16 	      0 	   12.2 
  121.486	   COOK	    78 	   1.96 	   8.16 	      0 	   12.2 
  121.486	 TOPPING	    80 	   1.96 	   8.16 	  0.447 	   12.2 
  121.577	 DELIVER	    71 	   1.92 	   8.82 	  0.447 	   12.2 
  121.935	    ARR	    88 	   1.92 	   8.82 	  0.447 	   12.2 
  122.022	 DELIVER	    72 	    1.6 	   10.2 	  0.447 	   12.2 
  122.366	  READY	    73 	    1.6 	   10.2 	  0.447 	   12.2 
  122.366	 FINISH	    73 	    1.6 	   10.2 	  0.447 	   12.2 
  122.688	   COOK	    79 	    1.6 	   10.2 	  0.447 	   12.2 
  122.688	 TOPPING	    81 	    1.6 	   10.2 	    1.2 	   12.2 
  122.700	 DELIVER	    73 	   2.57 	   8.97 	    1.2 	   12.2 
  123.040	  READY	    74 	   2.57 	   8.97 	    1.2 	   12.2 
  123.040	 FINISH	    74 	   2.57 	   8.97 	    1.2 	   12.2 
  123.241	 DELIVER	    74 	   2.99 	   9.84 	    1.2 	   12.2 
  123.675	   COOK	    80 	   2.99 	   9.84 	    1.2 	   12.2 
  123.675	 TOPPING	    82 	   2.99 	   9.84 	    1.2 	   12.2 
  123.812	  READY	    75 	   2.99 	   9.84 	    1.2 	   12.2 
  123.812	 FINISH	    75 	   2.99 	   9.84 	    1.2 	   12.2 
  123.995	    ARR	    89 	   2.99 	   9.84 	    1.2 	   12.2 
  124.120	  READY	    76 	   2.99 	   9.84 	    1.2 	   12.2 
  124.120	 FINISH	    76 	   2.99 	   9.84 	    1.2 	   12.2 
  124.545	 DELIVER	    75 	    2.1 	   10.4 	    1.2 	   12.2 
  125.439	   COOK	    81 	    2.1 	   10.4 	    1.2 	   12.2 
  125.439	 TOPPING	    83 	    2.1 	   10.4 	    1.2 	   12.2 
  125.753	  READY	    77 	    2.1 	   10.4 	    1.2 	   12.2 
  125.753	 FINISH	    77 	    2.1 	   10.4 	    1.2 	   12.2 
  126.170	  READY	    78 	    2.1 	   10.4 	    1.2 	   12.2 
  126.270	  READY	    79 	    2.1 	   10.4 	    1.2 	   12.2 
  126.364	 DELIVER	    76 	    1.4 	   8.74 	    1.2 	   12.2 
  126.364	 FINISH	    78 	    1.4 	   8.74 	    1.2 	   12.2 
  126.642	   COOK	    82 	    1.4 	   8.74 	    1.2 	   12.2 
  126.642	 TOPPING	    84 	    1.4 	   8.74 	    1.2 	   12.2 
  126.782	    ARR	    90 	    1.4 	   8.74 	    1.2 	   12.2 
  126.809	 DELIVER	    77 	  0.606 	   9.55 	    1.2 	   12.2 
  126.809	 FINISH	    79 	  0.606 	   9.55 	    1.2 	   12.2 
  126.898	 DELIVER	    78 	    1.4 	    118 	    1.2 	   12.2 
  127.037	    ARR	    91 	    1.4 	    118 	    1.2 	   12.2 
  127.144	   COOK	    83 	    1.4 	    118 	    1.2 	   12.2 
  127.144	 TOPPING	    85 	    1.4 	    118 	    1.2 	   12.2 
  127.236	   COOK	    84 	    1.4 	    118 	    1.2 	   12.2 
  127.236	 TOPPING	    86 	    1.4 	    118 	    1.2 	   12.2 
  127.790	   COOK	    85 	    1.4 	    118 	    1.2 	   12.2 
  127.790	 TOPPING	    87 	    1.4 	    118 	    1.2 	   12.2 
  128.142	    ARR	    92 	    1.4 	    118 	    1.2 	   12.2 
  128.610	    ARR	    93 	    1.4 	    118 	    1.2 	   12.2 
  128.699	    ARR	    94 	    1.4 	    118 	    1.2 	   12.2 
  128.810	  READY	    80 	    1.4 	    118 	    1.2 	   12.2 
  128.810	 FINISH	    80 	    1.4 	    118 	    1.2 	   12.2 
  128.963	   COOK	    86 	    1.4 	    118 	    1.2 	   12.2 
  128.963	 TOPPING	    88 	    1.4 	    118 	    1.2 	   12.2 
  129.403	    ARR	    95 	    1.4 	    118 	    1.2 	   12.2 
  129.495	 DELIVER	    79 	   2.01 	   15.6 	    1.2 	   12.2 
  129.868	   COOK	    87 	   2.01 	   15.6 	    1.2 	   12.2 
  129.868	 TOPPING	    89 	   2.01 	   15.6 	    1.2 	   12.2 
  130.274	 DELIVER	    80 	   2.19 	   12.6 	    1.2 	   12.2 
  130.744	   COOK	    88 	   2.19 	   12.6 	    1.2 	   12.2 
  130.744	 TOPPING	    90 	   2.19 	   12.6 	    1.2 	   12.2 
  131.186	    ARR	    96 	   2.19 	   12.6 	    1.2 	   12.2 
  131.186	  READY	    81 	   2.19 	   12.6 	    1.2 	   12.2 
  131.186	 FINISH	    81 	   2.19 	   12.6 	    1.2 	   12.2 
  131.437	   COOK	    89 	   2.19 	   12.6 	    1.2 	   12.2 
  131.437	 TOPPING	    91 	   2.19 	   12.6 	    1.2 	   12.2 
  131.623	  READY	    82 	   2.19 	   12.6 	    1.2 	   12.2 
  131.623	 FINISH	    82 	   2.19 	   12.6 	    1.2 	   12.2 
  131.654	 DELIVER	    81 	   2.75 	   13.8 	    1.2 	   12.2 
  131.721	    ARR	    97 	   2.75 	   13.8 	    1.2 	   12.2 
  132.084	   COOK	    90 	   2.75 	   13.8 	    1.2 	   12.2 
  132.084	 TOPPING	    92 	   2.75 	   13.8 	    1.2 	   12.2 
  132.306	  READY	    83 	   2.75 	   13.8 	    1.2 	   12.2 
  132.306	 FINISH	    83 	   2.75 	   13.8 	    1.2 	   12.2 
  132.384	  READY	    84 	   2.75 	   13.8 	    1.2 	   12.2 
  132.422	    ARR	    98 	   2.75 	   13.8 	    1.2 	   12.2 
  133.141	 DELIVER	    82 	  0.502 	   12.6 	    1.2 	   12.2 
  133.141	 FINISH	    84 	  0.502 	   12.6 	    1.2 	   12.2 
  133.228	   COOK	    91 	  0.502 	   12.6 	    1.2 	   12.2 
  133.228	 TOPPING	    93 	  0.502 	   12.6 	    1.2 	   12.2 
  133.269	  READY	    85 	  0.502 	   12.6 	    1.2 	   12.2 
  133.306	 DELIVER	    83 	    1.8 	   13.3 	    1.2 	   12.2 
  133.306	 FINISH	    85 	    1.8 	   13.3 	    1.2 	   12.2 
  133.377	  READY	    86 	    1.8 	   13.3 	    1.2 	   12.2 
  133.411	  READY	    87 	    1.8 	   13.3 	    1.2 	   12.2 
  133.940	 DELIVER	    84 	   2.97 	   15.4 	    1.2 	   12.2 
  133.940	 FINISH	    86 	   2.97 	   15.4 	    1.2 	   12.2 
  133.993	    ARR	    99 	   2.97 	   15.4 	    1.2 	   12.2 
  134.122	    ARR	   100 	   2.97 	   15.4 	    1.2 	   12.2 
  134.450	    ARR	   101 	   2.97 	   15.4 	    1.2 	   12.2 
  134.519	 DELIVER	    85 	   1.73 	   13.5 	    1.2 	   12.2 
  134.519	 FINISH	    87 	   1.73 	   13.5 	    1.2 	   12.2 
  134.582	 DELIVER	    86 	   2.08 	   13.4 	    1.2 	   12.2 
  134.734	   COOK	    92 	   2.08 	   13.4 	    1.2 	   12.2 
  134.734	 TOPPING	    94 	   2.08 	   13.4 	   1.48 	   12.2 
  134.793	 DELIVER	    87 	   2.08 	    121 	   1.48 	   12.2 
  134.810	    ARR	   102 	   2.08 	    121 	   1.48 	   12.2 
  134.887	  READY	    88 	   2.08 	    121 	   1.48 	   12.2 
  134.887	 FINISH	    88 	   2.08 	    121 	   1.48 	   12.2 
  135.147	  READY	    89 	   2.08 	    121 	   1.48 	   12.2 
  135.147	 FINISH	    89 	   2.08 	    121 	   1.48 	   12.2 
  135.275	   COOK	    93 	   2.08 	    121 	   1.48 	   12.2 
  135.275	 TOPPING	    95 	   2.08 	    121 	   1.95 	   12.2 
  135.460	    ARR	   103 	   2.08 	    121 	   1.95 	   12.2 
  135.473	 DELIVER	    88 	  0.876 	   11.5 	   1.95 	   12.2 
  135.964	 DELIVER	    89 	  0.648 	   8.93 	   1.95 	   12.2 
  136.057	    ARR	   104 	  0.648 	   8.93 	   1.95 	   12.2 
  136.084	   COOK	    94 	  0.648 	   8.93 	   1.95 	   12.2 
  136.084	 TOPPING	    96 	  0.648 	   8.93 	   1.95 	   12.2 
  136.804	    ARR	   105 	  0.648 	   8.93 	   1.95 	   12.2 
  136.894	   COOK	    95 	  0.648 	   8.93 	   1.95 	   12.2 
  136.894	 TOPPING	    97 	  0.648 	   8.93 	   1.95 	   12.2 
  137.260	  READY	    90 	  0.648 	   8.93 	   1.95 	   12.2 
  137.260	 FINISH	    90 	  0.648 	   8.93 	   1.95 	   12.2 
  137.715	   COOK	    96 	  0.648 	   8.93 	   1.95 	   12.2 
  137.715	 TOPPING	    98 	  0.648 	   8.93 	    4.2 	   12.2 
  137.874	    ARR	   106 	  0.648 	   8.93 	    4.2 	   12.2 
  137.874	   COOK	    97 	  0.648 	   8.93 	    4.2 	   12.2 
  137.874	 TOPPING	    99 	  0.648 	   8.93 	    4.2 	   12.2 
  138.244	    ARR	   107 	  0.648 	   8.93 	    4.2 	   12.2 
  138.487	  READY	    91 	  0.648 	   8.93 	    4.2 	   12.2 
  138.487	 FINISH	    91 	  0.648 	   8.93 	    4.2 	   12.2 
  138.587	 DELIVER	    90 	   2.65 	   10.4 	    4.2 	   12.2 
  138.697	 DELIVER	    91 	   2.47 	   16.8 	    4.2 	   12.2 
  138.752	  READY	    92 	   2.47 	   16.8 	    4.2 	   12.2 
  138.752	 FINISH	    92 	   2.47 	   16.8 	    4.2 	   12.2 
  138.801	   COOK	    98 	   2.47 	   16.8 	    4.2 	   12.2 
  138.801	 TOPPING	   100 	   2.47 	   16.8 	   4.76 	   12.2 
  138.816	  READY	    93 	   2.47 	   16.8 	   4.76 	   12.2 
  138.816	 FINISH	    93 	   2.47 	   16.8 	   4.76 	   12.2 
  138.998	 DELIVER	    92 	   2.05 	   10.4 	   4.76 	   12.2 
  139.322	    ARR	   108 	   2.05 	   10.4 	   4.76 	   12.2 
  139.387	   COOK	    99 	   2.05 	   10.4 	   4.76 	   12.2 
  139.387	 TOPPING	   101 	   2.05 	   10.4 	   4.83 	   12.2 
  139.653	  READY	    94 	   2.05 	   10.4 	   4.83 	   12.2 
  139.653	 FINISH	    94 	   2.05 	   10.4 	   4.83 	   12.2 
  139.911	    ARR	   109 	   2.05 	   10.4 	   4.83 	   12.2 
  139.944	   COOK	   100 	   2.05 	   10.4 	   4.83 	   12.2 
  139.944	 TOPPING	   102 	   2.05 	   10.4 	   4.86 	   12.2 
  140.487	 DELIVER	    93 	   2.48 	   13.7 	   4.86 	   12.2 
  140.884	 DELIVER	    94 	  0.809 	   11.5 	   4.86 	   12.2 
  140.916	  READY	    95 	  0.809 	   11.5 	   4.86 	   12.2 
  140.916	 FINISH	    95 	  0.809 	   11.5 	   4.86 	   12.2 
  140.966	  READY	    96 	  0.809 	   11.5 	   4.86 	   12.2 
  140.966	 FINISH	    96 	  0.809 	   11.5 	   4.86 	   12.2 
  141.094	   COOK	   101 	  0.809 	   11.5 	   4.86 	   12.2 
  141.094	 TOPPING	   103 	  0.809 	   11.5 	   4.86 	   12.2 
  141.340	 DELIVER	    95 	   2.98 	   12.6 	   4.86 	   12.2 
  141.410	    ARR	   110 	   2.98 	   12.6 	   4.86 	   12.2 
  141.448	   COOK	   102 	   2.98 	   12.6 	   4.86 	   12.2 
  141.448	 TOPPING	   104 	   2.98 	   12.6 	   4.86 	   12.2 
  141.849	 DELIVER	    96 	   0.81 	   10.7 	   4.86 	   12.2 
  141.988	  READY	    97 	   0.81 	   10.7 	   4.86 	   12.2 
  141.988	 FINISH	    97 	   0.81 	   10.7 	   4.86 	   12.2 
  142.126	 DELIVER	    97 	   0.98 	   10.4 	   4.86 	   12.2 
  142.220	   COOK	   103 	   0.98 	   10.4 	   4.86 	   12.2 
  142.220	 TOPPING	   105 	   0.98 	   10.4 	   4.86 	   12.2 
  142.841	   COOK	   104 	   0.98 	   10.4 	   4.86 	   12.2 
  142.841	 TOPPING	   106 	   0.98 	   10.4 	   4.86 	   12.2 
  143.478	  READY	    98 	   0.98 	   10.4 	   4.86 	   12.2 
  143.478	 FINISH	    98 	   0.98 	   10.4 	   4.86 	   12.2 
  143.905	   COOK	   105 	   0.98 	   10.4 	   4.86 	   12.2 
  143.905	 TOPPING	   107 	   0.98 	   10.4 	   4.86 	   38.9 
  144.130	  READY	    99 	   0.98 	   10.4 	   4.86 	   38.9 
  144.130	 FINISH	    99 	   0.98 	   10.4 	   4.86 	   38.9 
  144.469	    ARR	   111 	   0.98 	   10.4 	   4.86 	   38.9 
  144.910	  READY	   100 	   0.98 	   10.4 	   4.86 	   38.9 
  144.920	 DELIVER	    98 	   1.67 	   12.5 	   4.86 	   38.9 
  144.920	 FINISH	   100 	   1.67 	   12.5 	   4.86 	   38.9 
  145.032	  READY	   101 	   1.67 	   12.5 	   4.86 	   38.9 
  145.224	 DELIVER	    99 	   2.65 	   11.1 	   4.86 	   38.9 
  145.224	 FINISH	   101 	   2.65 	   11.1 	   4.86 	   38.9 
  145.312	   COOK	   106 	   2.65 	   11.1 	   4.86 	   38.9 
  145.312	 TOPPING	   108 	   2.65 	   11.1 	   4.86 	   39.7 
  145.330	   COOK	   107 	   2.65 	   11.1 	   4.86 	   39.7 
  145.330	 TOPPING	   109 	   2.65 	   11.1 	   4.86 	   39.7 
  145.335	 DELIVER	   100 	  0.558 	   10.9 	   4.86 	   39.7 
  145.359	  READY	   102 	  0.558 	   10.9 	   4.86 	   39.7 
  145.359	 FINISH	   102 	  0.558 	   10.9 	   4.86 	   39.7 
  145.596	 DELIVER	   101 	   1.15 	   10.8 	   4.86 	   39.7 
  146.047	 DELIVER	   102 	  0.926 	   12.1 	   4.86 	   39.7 
  146.113	  READY	   103 	  0.926 	   12.1 	   4.86 	   39.7 
  146.113	 FINISH	   103 	  0.926 	   12.1 	   4.86 	   39.7 
  146.722	 DELIVER	   103 	   1.13 	   11.3 	   4.86 	   39.7 
  146.814	   COOK	   108 	   1.13 	   11.3 	   4.86 	   39.7 
  146.814	 TOPPING	   110 	   1.13 	   11.3 	   4.86 	   39.7 
  147.208	  READY	   104 	   1.13 	   11.3 	   4.86 	   39.7 
  147.208	 FINISH	   104 	   1.13 	   11.3 	   4.86 	   39.7 
  147.463	  READY	   105 	   1.13 	   11.3 	   4.86 	   39.7 
  147.463	 FINISH	   105 	   1.13 	   11.3 	   4.86 	   39.7 
  147.670	 DELIVER	   104 	   1.69 	   10.9 	   4.86 	   39.7 
  147.712	   COOK	   109 	   1.69 	   10.9 	   4.86 	   39.7 
  147.712	 TOPPING	   111 	   1.69 	   10.9 	   4.86 	   39.7 
  147.904	   COOK	   110 	   1.69 	   10.9 	   4.86 	   39.7 
  149.161	   COOK	   111 	   1.69 	   10.9 	   4.86 	   39.7 
  149.462	 DELIVER	   105 	   1.39 	   13.4 	   4.86 	   39.7 
  149.705	  READY	   106 	   1.39 	   13.4 	   4.86 	   39.7 
  149.705	 FINISH	   106 	   1.39 	   13.4 	   4.86 	   39.7 
  149.889	  READY	   107 	   1.39 	   13.4 	   4.86 	   39.7 
  149.889	 FINISH	   107 	   1.39 	   13.4 	   4.86 	   39.7 
  149.905	  READY	   108 	   1.39 	   13.4 	   4.86 	   39.7 
  150.652	 DELIVER	   106 	   2.49 	   12.8 	   4.86 	   39.7 
  150.652	 FINISH	   108 	   2.49 	   12.8 	   4.86 	   39.7 
  150.669	  READY	   109 	   2.49 	   12.8 	   4.86 	   39.7 
  151.343	 DELIVER	   107 	   1.41 	   13.1 	   4.86 	   39.7 
  151.343	 FINISH	   109 	   1.41 	   13.1 	   4.86 	   39.7 
  151.525	    ARR	   112 	   1.41 	   13.1 	   4.86 	   39.7 
  151.525	 TOPPING	   112 	   1.41 	   13.1 	   4.86 	   39.7 
  151.785	    ARR	   113 	   1.41 	   13.1 	   4.86 	   39.7 
  151.785	 TOPPING	   113 	   1.41 	   13.1 	   4.86 	   39.7 
  151.957	 DELIVER	   108 	    2.4 	   12.6 	   4.86 	   39.7 
  152.514	 DELIVER	   109 	   1.48 	   12.6 	   4.86 	   39.7 
  153.022	  READY	   110 	   1.48 	   12.6 	   4.86 	   39.7 
  153.022	 FINISH	   110 	   1.48 	   12.6 	   4.86 	   39.7 
  153.146	    ARR	   114 	   1.48 	   12.6 	   4.86 	   39.7 
  153.511	  READY	   111 	   1.48 	   12.6 	   4.86 	   39.7 
  153.511	 FINISH	   111 	   1.48 	   12.6 	   4.86 	   39.7 
  153.565	    ARR	   115 	   1.48 	   12.6 	   4.86 	   39.7 
  154.434	   COOK	   112 	   1.48 	   12.6 	   4.86 	   39.7 
  154.434	 TOPPING	   114 	   1.48 	   12.6 	   4.86 	   39.7 
  154.751	   COOK	   113 	   1.48 	   12.6 	   4.86 	   39.7 
  154.751	 TOPPING	   115 	   1.48 	   12.6 	   4.86 	   39.7 
  155.373	 DELIVER	   110 	   1.09 	     14 	   4.86 	   39.7 
  155.917	 DELIVER	   111 	   1.45 	   11.4 	   4.86 	   39.7 
  155.981	   COOK	   114 	   1.45 	   11.4 	   4.86 	   39.7 
  156.480	   COOK	   115 	   1.45 	   11.4 	   4.86 	   39.7 
  158.688	  READY	   112 	   1.45 	   11.4 	   4.86 	   39.7 
  158.688	 FINISH	   112 	   1.45 	   11.4 	   4.86 	   39.7 
  159.097	  READY	   113 	   1.45 	   11.4 	   4.86 	   39.7 
  159.097	 FINISH	   113 	   1.45 	   11.4 	   4.86 	   39.7 
  159.117	    ARR	   116 	   1.45 	   11.4 	   4.86 	   39.7 
  159.117	 TOPPING	   116 	   1.45 	   11.4 	   4.86 	   39.7 
  159.492	 DELIVER	   112 	   2.91 	   7.97 	   4.86 	   39.7 
  160.043	    ARR	   117 	   2.91 	   7.97 	   4.86 	   39.7 
  160.043	 TOPPING	   117 	   2.91 	   7.97 	   4.86 	   39.7 
  160.253	 DELIVER	   113 	   2.97 	   8.47 	   4.86 	   39.7 
  161.002	   COOK	   116 	   2.97 	   8.47 	   4.86 	   39.7 
  161.412	  READY	   114 	   2.97 	   8.47 	   4.86 	   39.7 
  161.412	 FINISH	   114 	   2.97 	   8.47 	   4.86 	   39.7 
  161.635	  READY	   115 	   2.97 	   8.47 	   4.86 	   39.7 
  161.635	 FINISH	   115 	   2.97 	   8.47 	   4.86 	   39.7 
  161.653	    ARR	   118 	   2.97 	   8.47 	   4.86 	   39.7 
  161.653	 TOPPING	   118 	   2.97 	   8.47 	   4.86 	   39.7 
  161.801	 DELIVER	   114 	   1.73 	   8.24 	   4.86 	   39.7 
  162.257	   COOK	   117 	   1.73 	   8.24 	   4.86 	   39.7 
  162.640	   COOK	   118 	   1.73 	   8.24 	   4.86 	   39.7 
  163.348	    ARR	   119 	   1.73 	   8.24 	   4.86 	   39.7 
  163.348	 TOPPING	   119 	   1.73 	   8.24 	   4.86 	   39.7 
  163.731	 DELIVER	   115 	   1.55 	   10.6 	   4.86 	   39.7 
  164.111	    ARR	   120 	   1.55 	   10.6 	   4.86 	   39.7 
  164.111	 TOPPING	   120 	   1.55 	   10.6 	   4.86 	   39.7 
  164.509	  READY	   116 	   1.55 	   10.6 	   4.86 	   39.7 
  164.509	 FINISH	   116 	   1.55 	   10.6 	   4.86 	   39.7 
  165.451	 DELIVER	   116 	   1.88 	   6.33 	   4.86 	   39.7 
  165.792	    ARR	   121 	   1.88 	   6.33 	   4.86 	   39.7 
  165.870	   COOK	   119 	   1.88 	   6.33 	   4.86 	   39.7 
  165.870	 TOPPING	   121 	   1.88 	   6.33 	   4.86 	   39.7 
  166.218	   COOK	   120 	   1.88 	   6.33 	   4.86 	   39.7 
  167.344	  READY	   117 	   1.88 	   6.33 	   4.86 	   39.7 
  167.344	 FINISH	   117 	   1.88 	   6.33 	   4.86 	   39.7 
  167.548	 DELIVER	   117 	  0.987 	   5.89 	   4.86 	   39.7 
  167.684	  READY	   118 	  0.987 	   5.89 	   4.86 	   39.7 
  167.684	 FINISH	   118 	  0.987 	   5.89 	   4.86 	   39.7 
  167.742	    ARR	   122 	  0.987 	   5.89 	   4.86 	   39.7 
  167.742	 TOPPING	   122 	  0.987 	   5.89 	   4.86 	   39.7 
  167.863	   COOK	   121 	  0.987 	   5.89 	   4.86 	   39.7 
  168.251	    ARR	   123 	  0.987 	   5.89 	   4.86 	   39.7 
  168.251	 TOPPING	   123 	  0.987 	   5.89 	   4.86 	   39.7 
  168.402	    ARR	   124 	  0.987 	   5.89 	   4.86 	   39.7 
  168.623	 DELIVER	   118 	   2.21 	   8.58 	   4.86 	   39.7 
  169.073	   COOK	   122 	   2.21 	   8.58 	   4.86 	   39.7 
  169.073	 TOPPING	   124 	   2.21 	   8.58 	   4.86 	   39.7 
  169.400	   COOK	   123 	   2.21 	   8.58 	   4.86 	   39.7 
  169.519	   COOK	   124 	   2.21 	   8.58 	   4.86 	   39.7 
  170.957	  READY	   119 	   2.21 	   8.58 	   4.86 	   39.7 
  170.957	 FINISH	   119 	   2.21 	   8.58 	   4.86 	   39.7 
  171.280	  READY	   120 	   2.21 	   8.58 	   4.86 	   39.7 
  171.280	 FINISH	   120 	   2.21 	   8.58 	   4.86 	   39.7 
  172.091	 DELIVER	   119 	   2.87 	   8.74 	   4.86 	   39.7 
  172.362	  READY	   121 	   2.87 	   8.74 	   4.86 	   39.7 
  172.362	 FINISH	   121 	   2.87 	   8.74 	   4.86 	   39.7 
  172.548	 DELIVER	   120 	   1.76 	   8.44 	   4.86 	   39.7 
  172.904	    ARR	   125 	   1.76 	   8.44 	   4.86 	   39.7 
  172.904	 TOPPING	   125 	   1.76 	   8.44 	   4.86 	   39.7 
  173.722	    ARR	   126 	   1.76 	   8.44 	   4.86 	   39.7 
  173.722	 TOPPING	   126 	   1.76 	   8.44 	   4.86 	   39.7 
  173.812	  READY	   122 	   1.76 	   8.44 	   4.86 	   39.7 
  173.812	 FINISH	   122 	   1.76 	   8.44 	   4.86 	   39.7 
  174.356	 DELIVER	   121 	   1.99 	   8.56 	   4.86 	   39.7 
  174.506	  READY	   123 	   1.99 	   8.56 	   4.86 	   39.7 
  174.506	 FINISH	   123 	   1.99 	   8.56 	   4.86 	   39.7 
  174.602	 DELIVER	   122 	   1.15 	   6.35 	   4.86 	   39.7 
  174.746	  READY	   124 	   1.15 	   6.35 	   4.86 	   39.7 
  174.746	 FINISH	   124 	   1.15 	   6.35 	   4.86 	   39.7 
  174.801	 DELIVER	   123 	  0.446 	    6.4 	   4.86 	   39.7 
  174.839	   COOK	   125 	  0.446 	    6.4 	   4.86 	   39.7 
  175.641	   COOK	   126 	  0.446 	    6.4 	   4.86 	   39.7 
  176.290	 DELIVER	   124 	   1.33 	   8.55 	   4.86 	   39.7 
  176.395	    ARR	   127 	   1.33 	   8.55 	   4.86 	   39.7 
  176.395	 TOPPING	   127 	   1.33 	   8.55 	   4.86 	   39.7 
  177.000	    ARR	   128 	   1.33 	   8.55 	   4.86 	   39.7 
  177.000	 TOPPING	   128 	   1.33 	   8.55 	   4.86 	   39.7 
  178.763	  READY	   125 	   1.33 	   8.55 	   4.86 	   39.7 
  178.763	 FINISH	   125 	   1.33 	   8.55 	   4.86 	   39.7 
  178.814	    ARR	   129 	   1.33 	   8.55 	   4.86 	   39.7 
  179.247	   COOK	   127 	   1.33 	   8.55 	   4.86 	   39.7 
  179.247	 TOPPING	   129 	   1.33 	   8.55 	   4.86 	   39.7 
  179.310	    ARR	   130 	   1.33 	   8.55 	   4.86 	   39.7 
  179.579	   COOK	   128 	   1.33 	   8.55 	   4.86 	   39.7 
  179.579	 TOPPING	   130 	   1.33 	   8.55 	   4.86 	   39.7 
  180.000	   STOP	     1 	   1.33 	   8.55 	   4.86 	   39.7 
  180.399	 DELIVER	   125 	   1.12 	   6.68 	   4.86 	   39.7 
  180.648	  READY	   126 	   1.12 	   6.68 	   4.86 	   39.7 
  180.648	 FINISH	   126 	   1.12 	   6.68 	   4.86 	   39.7 
  181.289	   COOK	   129 	   1.12 	   6.68 	   4.86 	   39.7 
  181.598	 DELIVER	   126 	   2.74 	   8.69 	   4.86 	   39.7 
  182.015	   COOK	   130 	   2.74 	   8.69 	   4.86 	   39.7 
  183.896	  READY	   127 	   2.74 	   8.69 	   4.86 	   39.7 
  183.896	 FINISH	   127 	   2.74 	   8.69 	   4.86 	   39.7 
  184.508	  READY	   128 	   2.74 	   8.69 	   4.86 	   39.7 
  184.508	 FINISH	   128 	   2.74 	   8.69 	   4.86 	   39.7 
  184.595	 DELIVER	   127 	   2.85 	    8.2 	   4.86 	   39.7 
  185.083	 DELIVER	   128 	   2.58 	   8.08 	   4.86 	   39.7 
  185.786	  READY	   129 	   2.58 	   8.08 	   4.86 	   39.7 
  185.786	 FINISH	   129 	   2.58 	   8.08 	   4.86 	   39.7 
  186.256	  READY	   130 	   2.58 	   8.08 	   4.86 	   39.7 
  186.256	 FINISH	   130 	   2.58 	   8.08 	   4.86 	   39.7 
  186.352	 DELIVER	   129 	   1.71 	   7.04 	   4.86 	   39.7 
  186.904	 DELIVER	   130 	   2.77 	   8.09 	   4.86 	   39.7 
SUMMARY STATISTICS
SERVICE[ID[7]]:
 Time Ave. = 	  1.893 Time Sample Var. =	 0.6129
 Event Ave. =	  1.698 Event Sample Var. =	 0.5539
 Minimum =	0.05322
 Maximum =	  2.995
SYSTEM[ID[7]]:
 Time Ave. = 	  9.684 Time Sample Var. =	    171
 Event Ave. =	   12.4 Event Sample Var. =	  385.4
 Minimum =	0.05322
 Maximum =	  121.4
RATIO[0]:
 Time Ave. = 	  2.153 Time Sample Var. =	   5.51
 Event Ave. =	  1.494 Event Sample Var. =	  4.361
 Minimum =	      0
 Maximum =	  4.858
RATIO[3]:
 Time Ave. = 	  19.44 Time Sample Var. =	  294.6
 Event Ave. =	  14.49 Event Sample Var. =	  195.8
 Minimum =	      0
 Maximum =	  39.74
